pnt cod0 cod1 cod2 cod3 cod4 
-0.22 7.853199814849948e-09 4.7365120313230075e-09 4.6704038792041834e-09 4.6693481365790786e-09 4.669325487168572e-09 
-0.2195 3.3476728812387657e-09 6.826519353289751e-10 6.667959176085862e-10 6.661994641372831e-10 6.661914509612521e-10 
-0.21894303797468354 1.4824942947349377e-09 0 0 0 0 
-0.2183291139240506 9.569728333877549e-10 0 0 0 0 
-0.21765822784810124 1.7480353519742351e-09 0 0 0 0 
-0.2169303797468354 1.545406528614977e-09 0 0 0 0 
-0.2161455696202531 0 0 0 0 0 
-0.21530379746835443 0 0 0 0 0 
-0.21440506329113923 0 0 0 0 0 
-0.2134493670886076 0 0 0 0 0 
-0.21243670886075947 0 0 0 0 0 
-0.2113670886075949 0 0 0 0 0 
-0.2102405063291139 0 0 0 0 0 
-0.20905696202531646 0 0 0 0 0 
-0.20781645569620255 0 0 0 0 0 
-0.20651898734177215 0 0 0 0 0 
-0.2051645569620253 0 0 0 0 0 
-0.20375316455696202 0 0 0 0 0 
-0.20228481012658225 0 0 0 0 0 
-0.20075949367088602 0 0 0 0 0 
-0.1991772151898734 0.004013990217365708 0.0037924885586455887 0.0037765284492445083 0.003776368534608463 0.0037763637777440463 
-0.1975379746835443 0.005733659184046933 0.005420255591052414 0.005397455277635696 0.005397227217099656 0.005397220424385934 
-0.19584177215189874 0.006978345796592004 0.0065982139994799575 0.006570460082660279 0.006570182500777183 0.006570174231966167 
-0.19408860759493668 0.007990951989704717 0.007555812052849398 0.0075240274026406925 0.0075237093140620775 0.007523699842229174 
-0.1922784810126582 0.008905071495626934 0.008420804012796936 0.008385378077735386 0.008385023484324693 0.008385012925368848 
-0.19041139240506327 0.009761767121223706 0.009232324574452673 0.009193483127734152 0.00919309445627215 0.009193082877832149 
-0.18848734177215193 0.010564221831010414 0.009992813591966253 0.009950770782817914 0.009950350185472233 0.009950337651090851 
-0.18650632911392406 0.011302660336129464 0.01069241860462527 0.010647428868729868 0.010646978764729694 0.010646965349369075 
-0.18446835443037973 0.01202759201291317 0.01138025025516426 0.011332364745373113 0.011331885859183401 0.011331871578681164 
-0.182373417721519 0.012723249894056956 0.01204068963842346 0.011990023479535964 0.01198951714530027 0.01198950203391995 
-0.18022151898734176 0.013363615010334397 0.012648163152487894 0.012594936512765192 0.01259440489667432 0.012594389018881475 
-0.17801265822784812 0.014006353560103614 0.01325895179386175 0.013203152930996059 0.013202596111963909 0.013202579465025564 
-0.17574683544303799 0.014640026709712432 0.013861903322122131 0.013803566543285632 0.013802985017090381 0.013802967611645863 
-0.1734240506329114 0.015236975887922858 0.014429786029329003 0.014369057338158296 0.014368452415314663 0.014368434294106502 
-0.17104430379746838 0.01581154201842914 0.014976661468187252 0.014913629234507526 0.014913001665300046 0.014912982854498925 
-0.16860759493670885 0.016382073688109174 0.015520466656290274 0.015455145132758075 0.015454495116872247 0.01545447562122376 
-0.1661139240506329 0.01694708619057803 0.016059752291272163 0.01599216181481415 0.01599148958182422 0.01599146940783111 
-0.1635632911392405 0.017487333647577284 0.016575443495429408 0.016505682483367267 0.01650498881245714 0.01650496798890436 
-0.16095569620253164 0.017986847789601898 0.017052102991028176 0.01698033410494985 0.016979620406197264 0.016979598980734704 
-0.15829113924050633 0.0185231881432234 0.01756582081987827 0.017491893614150385 0.017491158683377472 0.01749113661321659 
-0.15556962025316456 0.019015967358607364 0.018037335349457714 0.017961424500386364 0.017960669839247507 0.017960647175132228 
-0.15279113924050633 0.019495653830735492 0.01849702548038953 0.018419181864707725 0.01841840799245573 0.018418384749894122 
-0.14995569620253163 0.0199830896852101 0.018965110607188515 0.018885301362771924 0.018884508072135493 0.01888448424227562 
-0.1470632911392405 0.020443645813103217 0.01940757731369974 0.019325909577898297 0.01932509787840575 0.019325073492756598 
-0.14411392405063292 0.0208957739309238 0.019842636115327782 0.01975914242125716 0.019758312651161965 0.019758287719843618 
-0.14110759493670885 0.021363601059588056 0.020294158052094675 0.02020877317599851 0.020207924894877147 0.020207899400063126 
-0.13804430379746835 0.021778411437582437 0.020694033028959828 0.02060697003719591 0.020606105229140026 0.020606079232615725 
-0.1349240506329114 0.022190951352428535 0.0210927399264443 0.021004006574734356 0.02100312540148508 0.021003098906493715 
-0.13174683544303797 0.0226146765703795 0.021503511725435666 0.021413061041914747 0.021412163184593477 0.02141213617867671 
-0.1285126582278481 0.0230233194686019 0.021900300091530128 0.02180819180900181 0.02180727796334469 0.021807250464560755 
-0.1252215189873418 0.023404549462256542 0.022270786693376437 0.022177130603089297 0.022176201720428237 0.022176173761002938 
-0.121873417721519 0.02379750723474128 0.022654177031414063 0.022558924077236454 0.022557979888717036 0.022557951456064616 
-0.11846835443037974 0.024155772780220037 0.023003985303392885 0.022907274811663873 0.022906316484631192 0.02290628761940215 
-0.11500632911392407 0.024534496041451775 0.023375559679777544 0.023277306839140335 0.023276333855253142 0.02327630453495465 
-0.1114873417721519 0.024888693125804016 0.02372373087007408 0.02362403400872732 0.02362304729237028 0.0236230175461368 
-0.10791139240506328 0.025216682296337087 0.02404686873339903 0.02394583299516031 0.02394483362782136 0.02394480348684124 
-0.10427848101265823 0.025559633828496117 0.024386586944012592 0.024284149820784362 0.024283137645778025 0.024283107094360445 
-0.10058860759493672 0.025881168635907417 0.024705987763738023 0.024602235096995818 0.024601210865597172 0.02460117992945261 
-0.09684177215189874 0.02618685156105187 0.025011051249265413 0.024906045918180256 0.02490501021705946 0.024904978915901953 
-0.09303797468354431 0.02648224767649607 0.02530722431626737 0.02520100679443156 0.0251999602417418 0.025199928588876815 
-0.08917721518987343 0.02677685707246229 0.02560424866553974 0.025496820654208493 0.025495763636654737 0.025495731634777752 
-0.08525949367088607 0.027046283868810788 0.025877396503715937 0.025768859180057696 0.02576779283313657 0.02576776051275175 
-0.08128481012658229 0.027321688702617107 0.026158725117806186 0.02604905233649369 0.026047976858222032 0.02604794421502472 
-0.07725316455696202 0.027566265488342886 0.0264100815974153 0.02629939807673362 0.026298314595063862 0.026298281665638017 
-0.07316455696202533 0.02782026033058174 0.026673747293898036 0.02656201249406189 0.026560921287972064 0.02656088806501489 
-0.06901898734177216 0.02804007465640198 0.026903518573702722 0.026790871536515114 0.02678977364532983 0.026789740168766677 
-0.06481645569620254 0.028252949922874568 0.027128681816949253 0.027015149216921254 0.02701404543445329 0.02701401171542799 
-0.06055696202531646 0.028466303573748034 0.02735735197464328 0.027242929530630802 0.0272418204630103 0.02724178650493242 
-0.056240506329113926 0.028660556314043212 0.02756848431392595 0.027453248976631577 0.027452135440423697 0.027452101267633946 
-0.05186708860759494 0.02883540129353791 0.027761947177021733 0.02764597709612276 0.027644860112528834 0.027644825750100417 
-0.0474367088607595 0.029011189686472712 0.02796048356195993 0.027843772228008674 0.02784265271974579 0.02784261817238583 
-0.042949367088607596 0.029158255746911516 0.028130907718260465 0.02801357259295978 0.028012451545472973 0.028012416847866498 
-0.03840506329113924 0.029294853022867707 0.028294021753537565 0.02817610377542094 0.028174982318471237 0.028174947487561997 
-0.03380379746835443 0.029426280266705542 0.02845655837067803 0.028338076082054846 0.028336955429963433 0.028336920478636094 
-0.029145569620253168 0.029534165339359725 0.028596762673746563 0.028477812458365996 0.02847669362683216 0.028476658584972652 
-0.024430379746835446 0.029629430912153715 0.02872877906387137 0.028609410581333122 0.02860829498731749 0.0286082598767562 
-0.019658227848101267 0.02971065995176171 0.02885132947809619 0.028731598517498954 0.028730487662166765 0.02873045250677217 
-0.014829113924050634 0.02977257554053748 0.02895747257395575 0.028837458139407083 0.028836353432650758 0.02883631826060667 
-0.009943037974683546 0.029821367715670666 0.029057757194313753 0.02893751025315659 0.028936413851546005 0.028936378690107335 
-0.005 0.02985052510014014 0.029141180157982772 0.02902078250022532 0.029019695821101765 0.02901966069950966 
0.0 0.029863614774340536 0.029216411145447735 0.029095926718333272 0.02909485221256275 0.029094817163448458 
0.005 0.02985919247084582 0.02927963651929636 0.02915913741528296 0.02915807711035019 0.029158042165391057 
0.009943037974683546 0.02983690919511887 0.029331874346923865 0.029211433250515437 0.029210389512181866 0.029210354705788682 
0.014829113924050634 0.02979613952083579 0.02937290515712902 0.029252596294344138 0.02925157180769071 0.02925153717579843 
0.019658227848101267 0.02973807861146912 0.029403411985193924 0.029283303833920714 0.02928230102979847 0.029282266606238512 
0.024430379746835446 0.02966487332931448 0.02942480108135294 0.029304952605503653 0.02930397349020052 0.029303939305111684 
0.029145569620253168 0.029576728383377306 0.029438115180113654 0.029318581137328454 0.02931762806719982 0.02931759415071984 
0.03380379746835443 0.02947358919282636 0.029441625314736666 0.029322458925246493 0.02932153414371196 0.029321500522915715 
0.03840506329113924 0.02935199908167094 0.029431963463776207 0.029313228437406764 0.029312333990515207 0.02931230069479344 
0.042949367088607596 0.029216011186954157 0.029410715980198614 0.02929245951207579 0.02929159649913653 0.029291563548523466 
0.0474367088607595 0.029072518586694865 0.029380440677841478 0.0292626836465576 0.02926185199378742 0.029261819392596814 
0.05186708860759494 0.028904056646398193 0.02932731055134252 0.029210141152815554 0.02920934219115509 0.029209309967888553 
0.056240506329113926 0.02872938947588774 0.029263207549521848 0.02914664424707188 0.029145876977810802 0.02914584512889397 
0.06055696202531646 0.02854489237899132 0.029183991194784875 0.029068069462174478 0.029067332775282964 0.029067301300220116 
0.06481645569620254 0.02833216301335145 0.029073405700371185 0.02895823579010783 0.02895752981800679 0.028957498740401523 
0.06901898734177216 0.02812236947703785 0.028955570296822646 0.028841145179563127 0.028840467217623976 0.02884043651587635 
0.07316455696202533 0.027894048608500047 0.028812607811529882 0.02869900673656413 0.02869835539277584 0.02869832507543339 
0.07725316455696202 0.027653749809320415 0.02864977821019863 0.028537057045979676 0.028536430653686863 0.028536400720670124 
0.08128481012658229 0.027398929477596923 0.028464687774234155 0.02835291394295925 0.02835231120040937 0.028352281655326165 
0.08525949367088607 0.027140820040671546 0.028267692467788697 0.02815688945689197 0.028156308477668035 0.028156279310701856 
0.08917721518987343 0.026861492688236566 0.028043241117898902 0.027933503300584243 0.02793294306948159 0.027932914294940506 
0.09303797468354431 0.026582114112977426 0.027810553856227726 0.02770189208609887 0.02770135063137412 0.02770132223718359 
0.09684177215189874 0.02628551753262923 0.02755502318010438 0.02744751525604968 0.027446991792309673 0.027446963789757584 
0.10058860759493672 0.025965719852745223 0.027271433511252552 0.02716518045849468 0.02716467462328223 0.027164647031726833 
0.10427848101265823 0.0256438072063993 0.026979547152175515 0.026874565455527338 0.026874075901233144 0.026874048714342912 
0.10791139240506328 0.025308123872147828 0.026669396313577984 0.026565747656666982 0.02656527371312445 0.02656524694021248 
0.1114873417721519 0.02495828870883347 0.026340841414646893 0.026238588547122063 0.02623812969117474 0.026238103342347188 
0.11500632911392407 0.024624014065132167 0.02602244678973232 0.025921533059202584 0.025921087609560554 0.025921061659696713 
0.11846835443037974 0.024254835215772423 0.025666443339026946 0.02556701360941425 0.02556658199527624 0.025566556480179015 
0.121873417721519 0.023885755467517634 0.025306635717419226 0.025208694018045458 0.025208275510698288 0.025208250424855107 
0.1252215189873418 0.023503982984408416 0.02493089045271305 0.02483449181623539 0.02483408607855497 0.024834061431868976 
0.1285126582278481 0.023103113953516698 0.024533200248472276 0.024438425019362487 0.024438031926763026 0.024438007736926837 
0.13174683544303797 0.022689671677269773 0.024119996263206735 0.02402689844044791 0.02402651767331445 0.024026493950531542 
0.1349240506329114 0.022289514147833128 0.023716888129739856 0.02362541717577723 0.0236250476064946 0.023625024331334933 
0.13804430379746835 0.021864657712726734 0.02328666457336961 0.023196922943582127 0.023196564795966917 0.023196541993090288 
0.14110759493670885 0.02142990864959659 0.022843887854151163 0.02275591816920452 0.02275557114449169 0.022755548821472807 
0.14411392405063292 0.020974413670921472 0.022378112249340172 0.022292000601540452 0.02229166479111674 0.02229164296838217 
0.1470632911392405 0.02051913516666813 0.021909896475671577 0.02182564445686639 0.021825319234381354 0.02182529790806394 
0.14995569620253163 0.020052230688009966 0.021427770061819208 0.021345426793679068 0.021345112146202407 0.021345091326371673 
0.15279113924050633 0.019581072636830694 0.02093908148704563 0.02085866605472161 0.020858361679645655 0.020858341367986057 
0.15556962025316456 0.019077812948695788 0.020416307986609063 0.02033795196881692 0.020337658354985147 0.020337638585182494 
0.15829113924050633 0.01859398936581823 0.019910867049134067 0.01983449337213149 0.019834209411500242 0.019834190158709346 
0.16095569620253164 0.018071236778567538 0.01936422048832378 0.019289988497778576 0.019289714848861217 0.019289696154096325 
0.1635632911392405 0.01755599845451051 0.018823123118628337 0.018751003881437637 0.018750739947275243 0.018750721799394045 
0.1661139240506329 0.01700916673323062 0.018248091678341252 0.018178214852120678 0.018177961132153014 0.018177943563792844 
0.16860759493670885 0.016457123063381842 0.017665753986227415 0.01759814217721531 0.017597898354063623 0.01759788136832242 
0.17104430379746838 0.015893439784354108 0.017069602431625735 0.017004304312419415 0.017004070271745858 0.017004053878916073 
0.1734240506329114 0.01530631365076255 0.016447645653634334 0.016384757757381116 0.016384533754058194 0.016384517977528955 
0.17574683544303799 0.01469794782771432 0.015802175174414148 0.015741784956563826 0.01574157123447879 0.015741556095263093 
0.17801265822784812 0.014082472925508504 0.015147459105834555 0.015089596666810966 0.015089392992986143 0.01508937849629141 
0.18022151898734176 0.013443642893125753 0.014466842710050672 0.014411604277073326 0.014411410787075377 0.014411396955968016 
0.182373417721519 0.012788533518948307 0.013767455179406604 0.01371490821086603 0.013714724913364265 0.013714711762964996 
0.18446835443037973 0.012098290730517956 0.013029771482586104 0.012980060054381235 0.012979887575745884 0.012979875141618188 
0.18650632911392406 0.011380440550781338 0.012261488930713018 0.012214726735325226 0.012214565428617603 0.012214553738051203 
0.18848734177215193 0.010624054508138392 0.011450878227704561 0.011407223452625044 0.01140707377781016 0.011407062869347834 
0.19041139240506327 0.009798928412611258 0.01056676435789329 0.01052649845167333 0.010526361558789388 0.010526351503884377 
0.1922784810126582 0.008967416634232613 0.009672254569330187 0.009635405637043685 0.00963528093281314 0.009635271733337544 
0.19408860759493668 0.008068694801402217 0.0087035459856216 0.008670390719017117 0.008670278771948916 0.008670270494549959 
0.19584177215189874 0.0070568600445576205 0.007612821724262457 0.00758382410258793 0.007583726414579907 0.007583719175372527 
0.1975379746835443 0.005802306244757474 0.00626153689099918 0.006237692619501527 0.006237612768432569 0.006237606818310317 
0.1991772151898734 0.004066380472975262 0.004392070517778408 0.0043753546438243685 0.004375299328679824 0.0043752951630043994 
0.20075949367088602 0 0 0 0 0 
0.20228481012658225 0 0 0 0 0 
0.20375316455696202 0 0 0 0 0 
0.2051645569620253 0 0 0 0 0 
0.20651898734177215 0 0 0 0 0 
0.20781645569620255 0 0 0 0 0 
0.20905696202531646 0 0 0 0 0 
0.2102405063291139 0 0 0 0 0 
0.2113670886075949 0 0 0 0 0 
0.21243670886075947 0 0 0 0 0 
0.2134493670886076 0 0 0 0 0 
0.21440506329113923 0 0 0 0 0 
0.21530379746835443 0 0 0 0 0 
0.2161455696202531 0 0 0 0 0 
0.2169303797468354 0 1.0588838500827306e-09 1.0620171314340717e-09 1.0629567242740384e-09 1.0629643843030034e-09 
0.21765822784810124 0 1.9765919070670977e-09 1.968341742787823e-09 1.96917432201389e-09 1.9691786436620437e-09 
0.2183291139240506 0 3.2379182342818985e-09 3.2143494737094833e-09 3.215070794185147e-09 3.215070865917432e-09 
0.21894303797468354 4.837488590191165e-10 4.005647020609289e-09 3.972085240228218e-09 3.97271211015805e-09 3.972709246610938e-09 
0.2195 1.4947188699009473e-09 5.03265132777746e-09 4.986263471024767e-09 4.986794130677725e-09 4.986787685171346e-09 
0.22 2.5534135406536557e-09 6.144759475768449e-09 6.084689681664809e-09 6.085126788324192e-09 6.085116589191952e-09 
