pnt cod0 cod1 cod2 cod3 cod4 
-1.0 0 0 0 0 0 
-0.99875 0.16023029948335166 0.16044200625797744 0.16043321477864808 0.16043329185041566 0.1604332933889102 
-0.9975 0.16037272359275365 0.160648088536599 0.16063645905914742 0.16063658866828817 0.16063659032726177 
-0.99625 0.16058461752950565 0.1610283184349031 0.16101007879905185 0.16101025374719025 0.1610102579135843 
-0.995 0.16085072865526412 0.16138590824519103 0.16136321683492172 0.1613634433921195 0.16136344948951298 
-0.99375 0.1609811256268693 0.1616346061582173 0.1616073483708125 0.16160764395511834 0.16160765169766353 
-0.9925 0.1612123448298815 0.16192453868457748 0.16189453051508815 0.1618948001980677 0.16189481258789834 
-0.99125 0.1613912725371572 0.1621708425167762 0.16213812132010705 0.162138408324242 0.16213841985073596 
-0.99 0.16148194641667996 0.16234342857048717 0.16230660473350605 0.16230692309332553 0.16230693766949866 
-0.98875 0.16161958695292672 0.16261056646560546 0.16256896002052337 0.1625693303348764 0.16256934448066943 
-0.9875 0.16180002155353587 0.1628878770993381 0.1628427548020055 0.16284314193372518 0.16284315714204647 
-0.98625 0.16194662576205168 0.16308343463319253 0.16303616190507475 0.1630365617218207 0.16303657731299787 
-0.985 0.1620326874117794 0.16321792583296152 0.16316837243426296 0.16316879822747316 0.16316881347688994 
-0.98375 0.16215077220251695 0.16339765429172795 0.16334558225637974 0.1633460268868963 0.16334604433781333 
-0.9825 0.1622723321154461 0.16355125489830094 0.16349718851815523 0.16349764576563675 0.16349766520919562 
-0.98125 0.1625008620596731 0.16383847256032963 0.16378224047384102 0.16378267616081763 0.1637826983777354 
-0.98 0.16261863192764092 0.16405619291065923 0.16399667603947474 0.1639971456570666 0.16399716973949646 
-0.97875 0.16264004205812904 0.1641272158918145 0.16406556376254777 0.16406605253378853 0.16406607858708067 
-0.9775 0.16288782376571986 0.16441059531982352 0.1643477311057283 0.16434820265388878 0.16434823038470772 
-0.97625 0.1630023859805536 0.16455089633936879 0.16448679623267193 0.1644872633167688 0.16448729255390004 
-0.975 0.16307433703267984 0.16469014037525637 0.16462253550134986 0.1646230355059584 0.1646230670720481 
-0.97375 0.1631356541511417 0.16484459908295107 0.164773929647926 0.16477445597487686 0.16477448975895997 
-0.9725 0.16326434863559355 0.16501153574312516 0.16493962056383177 0.16494014222763126 0.16494017780658865 
-0.97125 0.16339230254088807 0.16518672383251914 0.16511277130540788 0.16511329132170385 0.165113328890794 
-0.97 0.16350603428343186 0.16535520551703753 0.16527896756310953 0.165279492725429 0.16527953216358943 
-0.96875 0.16361385419316274 0.16549435224886608 0.165416638834212 0.16541716616962693 0.16541720767455795 
-0.9675 0.16369722248893565 0.16559156953594267 0.16551349214205696 0.1655140105069871 0.16551405436576774 
-0.96625 0.16382417238267263 0.1657812331887418 0.16570114246586062 0.16570166596801086 0.16570171203421655 
-0.965 0.16392500894122386 0.16593766756133277 0.1658551610527827 0.16585567791019676 0.1658557268708703 
-0.96375 0.16404759438489872 0.16609580640423208 0.1660119109010509 0.16601242266237645 0.16601247412340697 
-0.9625 0.16408455547140482 0.16615853077099654 0.16607378989588048 0.16607431066169312 0.16607436460820066 
-0.96125 0.1642148135876732 0.16631854783942662 0.1662325379857698 0.16623304834796507 0.16623310436481079 
-0.96 0.16431523810570686 0.16647310729771544 0.16638501203005146 0.16638551543275246 0.16638557399541157 
-0.95875 0.1644305484258162 0.1666243847736677 0.16653492249174667 0.16653541484014575 0.16653547525480156 
-0.9575 0.164542721676415 0.1667688733552074 0.1666779563716479 0.1666784372130983 0.16667849903805956 
-0.95625 0.164676723714394 0.16693508932401607 0.16684284555697879 0.16684331192880944 0.1668433747776223 
-0.955 0.16471949049923257 0.1670104984073217 0.16691705529222456 0.1669175221625007 0.16691758657979477 
-0.95375 0.16484805542309336 0.16717463373516883 0.1670801418808305 0.16708060105417877 0.16708066620358286 
-0.9525 0.16489722377246027 0.16724295894771454 0.16714773332661553 0.16714818509878943 0.16714825096048636 
-0.95125 0.16500487176571518 0.16738425996776798 0.16728782203534961 0.16728827052221387 0.16728833758634631 
-0.95 0.16517100087309186 0.16760986434283548 0.1675108995595029 0.16751131036059286 0.1675113789506734 
-0.94875 0.16521702671149607 0.16766895633475368 0.1675695080893401 0.16756991625103196 0.16756998550840124 
-0.9475 0.16529992548281808 0.1677320596165247 0.16763359161726715 0.16763399750071173 0.1676340672524792 
-0.94625 0.1653765676079623 0.167847416302149 0.16774753537097767 0.16774793345129504 0.1677480049255069 
-0.945 0.1654799577237725 0.16801370570953225 0.16791135752395275 0.1679117267194986 0.16791179992709074 
-0.94375 0.16558677893712737 0.16814660112515 0.168043305487569 0.16804365455275036 0.16804372892983382 
-0.9425 0.1656709932001702 0.1682550259079153 0.16815081382472044 0.16815114758420932 0.16815122345851274 
-0.94125 0.16577458709334367 0.16839015034508886 0.16828471098627681 0.16828502134748174 0.16828509851946713 
-0.94 0.16585778986489427 0.16849635837135393 0.16839009926740603 0.16839039364389213 0.1683904719793741 
-0.93875 0.16591652821918676 0.1685627194293765 0.16845635211680737 0.16845664257807502 0.16845672186967195 
-0.9375 0.1659930428124353 0.16865270418921624 0.1685459640478926 0.16854624235522855 0.16854632261956762 
-0.93625 0.16611767190005236 0.16880165060155175 0.16869387291438115 0.16869412326159983 0.16869420444906025 
-0.935 0.16625072260704765 0.16893577880689167 0.16882806365057476 0.16882827274570647 0.16882835401491372 
-0.93375 0.16642964941011043 0.16916852775423283 0.16905890291636164 0.169059044652082 0.16905912651580754 
-0.9325 0.16647959312143398 0.16923566775435692 0.16912459512520361 0.16912473179363313 0.16912481529078544 
-0.93125 0.16646392680076216 0.16922660415864807 0.16911560348954063 0.16911575753321206 0.1691158424169994 
-0.9299999999999999 0.16650025791355394 0.16928356169467149 0.16917230014589746 0.16917244635890083 0.16917253230155066 
-0.92875 0.1665822715617476 0.16939699834478536 0.16928476253809924 0.169284882234142 0.16928496922342398 
-0.9275 0.16666832833210402 0.1695008119614768 0.16938759614182908 0.16938768035902932 0.16938776825625904 
-0.92625 0.16679368677758638 0.16962357553248036 0.1695103686676907 0.16951041199497308 0.16951050008935084 
-0.925 0.1669139090993773 0.16976011645992645 0.16964661201126485 0.16964662552686235 0.169646714196627 
-0.92375 0.16698675429437032 0.1698469146132262 0.16973301771961632 0.16973300789647003 0.16973309738333575 
-0.9225 0.1669794368807405 0.16985831017009145 0.16974354899802513 0.1697435314138012 0.16974362230609089 
-0.92125 0.1670798063012411 0.16999907520606358 0.16988308790794593 0.16988305164635636 0.1698831438754019 
-0.92 0.16712332622976545 0.1700394704201873 0.1699237303511831 0.1699236742578882 0.16992376717790467 
-0.91875 0.16723048709113045 0.17018226287419497 0.17006505477098344 0.17006495725791854 0.17006505130394423 
-0.9175 0.16729258001446937 0.17024753623207756 0.17013036740675175 0.17013024948509078 0.17013034462012622 
-0.91625 0.16737002436373388 0.1703447194531626 0.17022672619966658 0.17022656842866063 0.17022666445541054 
-0.915 0.1674472321430568 0.17042745371606785 0.17030928373156912 0.1703090975574908 0.1703091947545479 
-0.91375 0.1674988432745058 0.1704748949325888 0.1703572780721626 0.17035709101617802 0.170357189456607 
-0.9125 0.16756520476871692 0.17056860315270878 0.17044986740159765 0.1704496321744425 0.17044973163667426 
-0.91125 0.16765809581279095 0.17067944789732045 0.17056001645466254 0.17055973900183447 0.1705598391462 
-0.91 0.16771346266427445 0.17074254618315993 0.17062291380679073 0.17062261185289251 0.1706227126910773 
-0.90875 0.1678066370454654 0.1708487096545966 0.17072851082125323 0.1707281645790836 0.17072826549391384 
-0.9075 0.16786381626628205 0.1708947634836336 0.17077505344127653 0.17077469007542173 0.17077479125445547 
-0.90625 0.16789261378586495 0.17094798196174846 0.17082763980195903 0.17082726333550682 0.1708273656314 
-0.905 0.16798753316094678 0.17105334996772545 0.1709328205588862 0.1709324043539014 0.17093250660625942 
-0.90375 0.16806127496570325 0.17112977858684883 0.17100900086393236 0.17100853421534928 0.17100863622440177 
-0.9025 0.1681755604823117 0.17127950656652496 0.17115707184480394 0.17115654567910066 0.17115664814228906 
-0.90125 0.168233184547394 0.17130007660379257 0.17117923807958832 0.17117868418281626 0.1711787859194358 
-0.9 0.16827298538906466 0.1713617894950663 0.17124047699456704 0.17123992761113171 0.17124003103266608 
-0.8987499999999999 0.1683280422823495 0.17144533905801684 0.17132281536263325 0.17132220317792554 0.17132230676255858 
-0.8975 0.1683708175644254 0.1714831941813794 0.17136057393905307 0.17135992442793277 0.1713600281707101 
-0.89625 0.1685024638537925 0.17158898264589878 0.17146789549532646 0.171467220566484 0.1714673237968913 
-0.895 0.16855602183516477 0.17164442998829293 0.17152358213870494 0.17152290138717413 0.17152300556011635 
-0.89375 0.1685345857823336 0.17165238436763813 0.17153017845624113 0.17152946315420697 0.17152956847144196 
-0.8925 0.16864347389601447 0.1717739680746867 0.1716512273071616 0.17165044552241088 0.1716505503681328 
-0.89125 0.16877104367183604 0.17189891877782498 0.1717764796699049 0.17177565946449083 0.17177576418766605 
-0.89 0.16881013330292913 0.1719146244850961 0.17179341660716863 0.1717925771981275 0.171792681905095 
-0.88875 0.16877128375390912 0.17191791898131722 0.17179470134733194 0.17179384809552234 0.17179395485321713 
-0.8875 0.1688561373128445 0.17200067864896557 0.17187797548390035 0.1718770832189196 0.1718771899663979 
-0.88625 0.16892114623461965 0.17208046541678157 0.17195692063515733 0.17195597269465102 0.17195607973395038 
-0.885 0.16895849240832453 0.1721210896891002 0.17199711952791796 0.1719961003111417 0.17199620704478524 
-0.88375 0.16904990222825603 0.17221276241229905 0.1720892576275236 0.17208824029177155 0.17208834852972602 
-0.8825 0.1690433625079538 0.1721839412457731 0.17206160055829448 0.1720605750091624 0.17206068404892913 
-0.88125 0.16914544827128764 0.17229570877124947 0.17217300311027128 0.17217193529070368 0.1721720451048261 
-0.88 0.1691700642238294 0.17232516601188466 0.17220227422685427 0.17220116435023902 0.1722012748779426 
-0.87875 0.16921568000536436 0.17238064526167876 0.1722573537646524 0.17225619546507395 0.1722563066558103 
-0.8775 0.169273749796271 0.17243347281130927 0.17231030138202316 0.1723090967770555 0.17230920826663504 
-0.87625 0.1693251201857089 0.17248699659428543 0.17236389927441007 0.1723626628188239 0.17236277518925497 
-0.875 0.16936930849264953 0.17252774409027105 0.17240452806476192 0.17240323263438787 0.17240334508523872 
-0.87375 0.16951083955944912 0.17268002226049922 0.17255617554101654 0.17255479400610696 0.1725549058844731 
-0.8725 0.16959551450595686 0.17278693572009085 0.17266183185620665 0.17266035510652736 0.17266046675708357 
-0.87125 0.16959596904747473 0.17271591880886433 0.17259520974610842 0.1725938515730283 0.1725939655926807 
-0.87 0.16962510135592632 0.1727853184111912 0.1726625950979416 0.17266116319942545 0.17266127919424057 
-0.86875 0.169622589027617 0.17275436998590046 0.17263270448473567 0.1726312339155101 0.17263134892937987 
-0.8674999999999999 0.169699440449584 0.1728418984830921 0.1727187917984837 0.17271721927152772 0.17271733381175686 
-0.86625 0.16972533825222413 0.17286073849055575 0.17273787422831247 0.17273629248258568 0.17273640870404272 
-0.865 0.1697817083713554 0.17287409129273254 0.17275337434830967 0.17275178919384687 0.17275190408129404 
-0.86375 0.16987629509149066 0.1729978484930615 0.17287664689500554 0.17287499574636597 0.17287511024085905 
-0.8625 0.16989864904863475 0.17302984442328995 0.17290833561655433 0.17290665707710573 0.17290677291271292 
-0.86125 0.16985971228746374 0.17299821149701392 0.17287626558611893 0.1728745348032805 0.17287465064385982 
-0.86 0.16992832638335553 0.1730667817299528 0.1729447556063303 0.1729429718765558 0.1729430871390483 
-0.85875 0.1699580748648178 0.17308765214934127 0.17296609437541166 0.17296428332066485 0.17296439858826443 
-0.8574999999999999 0.1700002739166452 0.1731311613788156 0.1730095523681274 0.17300769538249133 0.17300781049738614 
-0.85625 0.17003990197105878 0.17316650723924612 0.17304488166809337 0.17304296766267055 0.17304308204228794 
-0.855 0.17009007973645796 0.17321304143801286 0.17309145174503904 0.17308948709443384 0.17308960109603355 
-0.85375 0.17014479757539855 0.17325684179380715 0.17313577751799883 0.17313378421803222 0.17313389826301273 
-0.8525 0.17018343802512567 0.17327316435756665 0.17315310557904948 0.1731510905544521 0.17315120430571307 
-0.8512500000000001 0.1702370473745852 0.17334398834959214 0.17322334599451175 0.1732212829696109 0.17322139762151728 
-0.85 0.1702297287724049 0.17332106952615833 0.17320088135083817 0.1731987710896373 0.1731988849764231 
-0.84875 0.1702809158004973 0.17337716807596482 0.17325676945594023 0.17325460822866742 0.17325472226726857 
-0.8475 0.1703122800518862 0.1733973686513258 0.17327747303422097 0.17327527959115277 0.17327539359009528 
-0.84625 0.17034391296733242 0.1734252949771774 0.17330540072962178 0.1733031532204853 0.17330326674684596 
-0.845 0.17038104286065056 0.17345514425176353 0.17333546727933413 0.1733331748440094 0.173333287997518 
-0.84375 0.17040591674927136 0.17347650722116031 0.17335688894076123 0.17335454774414424 0.17335466059471036 
-0.8425 0.17045699402920933 0.17350685970248675 0.17338778540745745 0.17338539992282775 0.1733855118128584 
-0.84125 0.17052493246360076 0.173557315286627 0.17343896226499392 0.1734365459484562 0.17343665729954788 
-0.84 0.17056417081825798 0.17358443577452404 0.17346666666949817 0.17346421785293795 0.17346432883896792 
-0.83875 0.1705413909412768 0.17356265558979822 0.1734445068515229 0.17344199280786823 0.17344210352906161 
-0.8375 0.17056530276401194 0.1736004705862141 0.17348139940618226 0.17347879006818925 0.1734788998861793 
-0.8362499999999999 0.17052957245253478 0.17355861687182902 0.17343846776227154 0.17343572127468454 0.17343582753692244 
-0.835 0.170582921690055 0.17360495672572532 0.17348557294639813 0.17348283397794903 0.17348294206365958 
-0.83375 0.17068726049247487 0.17368887120429735 0.17357184886970153 0.17356919863142453 0.17356931011215443 
-0.8325 0.17070323891307224 0.17368304107771276 0.17356646929874345 0.17356378099123615 0.17356389165298652 
-0.83125 0.17073942600481373 0.17370203684241883 0.17358551117869436 0.17358271758294874 0.17358282363633967 
-0.83 0.17078920413352658 0.17375946825519079 0.17364314816884993 0.17364034331763684 0.1736404511032771 
-0.82875 0.17076222339967526 0.17372561102037215 0.1736094445552572 0.17360659077650703 0.17360669762952774 
-0.8275 0.1708133520067135 0.1737651802820005 0.17364915319431998 0.1736462390724828 0.17364634425021788 
-0.8262499999999999 0.17083596665653708 0.1737729993065855 0.17365765536340405 0.17365471935468257 0.17365482418490583 
-0.825 0.17085448709326442 0.17379120532553094 0.17367583340180595 0.17367284361400845 0.17367294769449357 
-0.82375 0.1709137009278218 0.17383139471726142 0.1737165914009795 0.17371355908630737 0.17371366165718347 
-0.8225 0.17093469135024836 0.17382542049404978 0.1737112211831676 0.17370813956943057 0.17370824007690802 
-0.82125 0.17090126848238876 0.1737941158820829 0.17367920851446297 0.17367604209994408 0.173676141383002 
-0.8200000000000001 0.17094993496685718 0.1738435582235932 0.17372894494181265 0.17372573964785878 0.17372583846996695 
-0.81875 0.1710101966222065 0.17388713203843684 0.17377399600159257 0.17377082741611213 0.17377092821574822 
-0.8175 0.17100991755472994 0.17388253386719424 0.17376913430499574 0.17376588783497735 0.17376598707446111 
-0.81625 0.17096336560353015 0.17382300307234433 0.17370892785376316 0.17370556233243684 0.1737056580392764 
-0.815 0.17102345689328285 0.17385626377692867 0.17374307491648808 0.1737396754411439 0.17373976974231034 
-0.81375 0.1711188189343673 0.17394727396020215 0.17383511876953386 0.17383174075198 0.17383183721562526 
-0.8125 0.17108991799648 0.17390723375443676 0.17379540762204132 0.17379198579132438 0.17379208169263108 
-0.81125 0.17110827911126125 0.17392085559652026 0.17380882675083834 0.17380533107060636 0.17380542566648385 
-0.81 0.17111721682347875 0.1739125404101356 0.17380105415556357 0.1737975215668144 0.1737976151208573 
-0.80875 0.17113047018159291 0.17391648631496942 0.17380507372567333 0.17380148476206905 0.17380157725663706 
-0.8075 0.17115692812923683 0.17392750802764695 0.17381642703730799 0.1738127926785029 0.17381288397480235 
-0.80625 0.17120198418220448 0.1739512734077868 0.17384093295473427 0.1738372727542044 0.1738373629403218 
-0.8049999999999999 0.1712246106870986 0.17395236981032822 0.1738425740569976 0.17383886915135052 0.17383895725300433 
-0.80375 0.1711974626440858 0.1739093837677882 0.17379946077098063 0.17379567340030694 0.1737957585945278 
-0.8025 0.1711903243714248 0.17390815255697992 0.1737978283525092 0.17379397196649557 0.17379405684922208 
-0.80125 0.17116465614677986 0.1738740388974875 0.17376348713120124 0.17375955095201695 0.17375963375782544 
-0.8 0.17121624968800037 0.17387644901766605 0.17376748631421707 0.1737635508864532 0.17376363114374452 
-0.79875 0.1713223182978947 0.1739851709647523 0.17387701893618332 0.1738730813138535 0.17387316241082257 
-0.7975 0.17130618752739224 0.17397225730882016 0.17386431079052125 0.17386034429889108 0.17386042634296783 
-0.79625 0.17130431865885987 0.173941587243066 0.17383384596788565 0.1738298008305973 0.17382987883542694 
-0.7949999999999999 0.17135188318968056 0.1739765117513417 0.17386943581225972 0.17386537264094518 0.17386545035345122 
-0.79375 0.171298407862908 0.1739172248810803 0.1738101147210496 0.17380599005808953 0.1738060664488905 
-0.7925 0.17132695449898933 0.17393378145513144 0.17382683341628496 0.17382265089618124 0.1738227253846002 
-0.79125 0.17132408414902534 0.17391117050908145 0.17380464423502556 0.17380041541079763 0.17380048795688655 
-0.79 0.17137345054230171 0.17394814575087017 0.17384249411379948 0.17383826298320737 0.17383833599199888 
-0.7887500000000001 0.17141477731218996 0.1739776025789538 0.17387248857310364 0.17386822957198447 0.17386830202100673 
-0.7875 0.17136036358373505 0.1739029585788155 0.1737975000875197 0.17379313615952122 0.1737932043444321 
-0.78625 0.1712894157983351 0.1738181235482659 0.1737120538460679 0.17370757535976603 0.1737076397539206 
-0.785 0.17135921258900189 0.17385074175614992 0.17374608349586118 0.1737416161344523 0.17374167944629082 
-0.78375 0.17147420105530264 0.17396838673548304 0.17386467008230708 0.17386021876820038 0.17386028442925955 
-0.7825 0.1713759048209063 0.17385240918810238 0.173748549082264 0.17374401245860308 0.17374407506731657 
-0.78125 0.17139291856277214 0.17385729695235275 0.17375345775125464 0.1737488526447924 0.17374891329892622 
-0.78 0.17139155472723383 0.17383711208801342 0.17373378707094883 0.17372914401116132 0.17372920329939168 
-0.77875 0.1713765102234282 0.17381135746316984 0.17370812618207215 0.17370342368135033 0.17370348174799655 
-0.7775 0.17141592040655726 0.17381432331906824 0.1737117244988844 0.17370697599648205 0.17370703082395297 
-0.77625 0.1714953709800992 0.17387338378220304 0.17377189756326658 0.17376715543821034 0.1737672100526482 
-0.775 0.17145563308345155 0.17380953996346302 0.17370839979369682 0.17370360771369175 0.1737036601219842 
-0.7737499999999999 0.1714149215342982 0.1737778026358018 0.17367636575898218 0.17367150350896843 0.1736715563331077 
-0.7725 0.17142823734209686 0.1737697247860471 0.17366840049171753 0.1736634678067387 0.1736635172815782 
-0.77125 0.17142617639821214 0.17373934442174102 0.17363869521440425 0.17363373396900258 0.17363378113465047 
-0.77 0.17147269673180504 0.17376074361478216 0.17366086750399043 0.17365588965963058 0.17365593547164554 
-0.76875 0.1713677199409114 0.17364459220437203 0.17354393408632646 0.17353883134005596 0.17353887342844193 
-0.7675 0.1713858567445506 0.17364419677654452 0.173544261453996 0.17353914304285656 0.1735391844634507 
-0.76625 0.17145765680726519 0.17369356087057 0.1735946400303762 0.17358951988432247 0.1735895598621558 
-0.765 0.1714645757893632 0.1736966011682475 0.17359787003045402 0.1735927023520036 0.1735927416361302 
-0.7637499999999999 0.17140954601197467 0.1736254712668355 0.17352679730470208 0.1735215611336227 0.17352159758524097 
-0.7625 0.1714387695246141 0.17364042551949213 0.17354225281563893 0.17353698438632445 0.17353701970115987 
-0.76125 0.17138483951760167 0.17356136732688604 0.17346322298603203 0.1734578795053863 0.17345791075038267 
-0.76 0.17145841436293982 0.17361443905546514 0.17351703291341233 0.1735116754805933 0.17351170599137822 
-0.75875 0.17142998526125242 0.17356795334519512 0.17347108060046312 0.17346569375786466 0.17346572315887812 
-0.7575000000000001 0.17132486411591522 0.17344575604743112 0.17334819313661065 0.17334268123351582 0.17334270601810575 
-0.75625 0.1712321733250921 0.173328320993188 0.17323023790172268 0.17322461338964104 0.17322463378664513 
-0.755 0.17120495263373203 0.17328018380890878 0.17318253579548887 0.17317687597516981 0.17317689551985582 
-0.75375 0.17146910682554492 0.17354057798661907 0.17344514868152985 0.17343960175833864 0.1734396280140988 
-0.7525 0.17159531091522431 0.17365419259132872 0.17356047257960514 0.17355499368995783 0.1735550242025729 
-0.75125 0.17159607189763706 0.173636358466868 0.17354274072599357 0.17353720226824992 0.17353723166004922 
-0.75 0.17141222593197855 0.17342345768348866 0.17332903639533817 0.17332336143775215 0.17332338567340141 
-0.74875 0.17131956685933372 0.1733042780989862 0.17320933406224318 0.1732035432012124 0.17320356344710647 
-0.7475 0.17134922648513193 0.17331576682359667 0.17322153536457294 0.17321573148937722 0.1732157518118564 
-0.74625 0.1712903688141032 0.1732371625756533 0.17314282061125416 0.17313693561738122 0.1731369538640284 
-0.745 0.1712878996620496 0.1732139930280072 0.17312003016179114 0.17311410114340456 0.17311411802004964 
-0.74375 0.17135431012157798 0.1732648272187088 0.17317182242549214 0.1731659005746265 0.1731659181225416 
-0.7424999999999999 0.17127369881453433 0.17315918819774595 0.17306593205929766 0.17305992038076223 0.17305993338201292 
-0.74125 0.17125092661341199 0.1731139515859518 0.17302094787111094 0.17301488890912547 0.17301489879497556 
-0.74 0.1712060709565989 0.17304525921700298 0.1729523681520949 0.17294625301522454 0.17294625863731658 
-0.73875 0.17117976913748606 0.17299781797108477 0.1729052481279927 0.17289909308229193 0.17289909543054194 
-0.7375 0.17140803542154223 0.1732198241042863 0.17312887504066923 0.1731227896877905 0.17312279429554794 
-0.7362500000000001 0.17138887683740925 0.17317167879561607 0.17308141290857385 0.173075316179082 0.1730753169847206 
-0.735 0.1713911523509625 0.1731471255711604 0.17305686536550083 0.17305070286967716 0.17305069820855876 
-0.73375 0.17133946400842306 0.17307966266440222 0.17298947761374328 0.1729832570075507 0.17298324893577222 
-0.7324999999999999 0.17120627244792241 0.17292117988140984 0.17283069280687757 0.17282438112311393 0.17282436732497877 
-0.73125 0.1712111527438268 0.17291188805996918 0.17282176227444185 0.17281541171452036 0.17281539533449652 
-0.73 0.17112052139254202 0.17280026446833868 0.1727099956731116 0.1727035611611642 0.17270354041470187 
-0.72875 0.17115048626475612 0.17278226579542194 0.1726923836197075 0.17268592042272926 0.17268589384750202 
-0.7275 0.17125713072900067 0.1728814199469313 0.17279253103973258 0.17278608238063684 0.17278605651231213 
-0.7262500000000001 0.17120086000275778 0.1727990845619053 0.17271059470085823 0.17270411346535408 0.17270408490924902 
-0.725 0.17108874121214462 0.1726705851482399 0.17258171603426026 0.1725751330237966 0.17257510018497638 
-0.72375 0.17102404483757733 0.17258654728317077 0.17249763764798523 0.17249098373140687 0.17249094737197962 
-0.7224999999999999 0.17100607608619758 0.17255037905060686 0.1724617264566354 0.17245502606796687 0.17245498730139605 
-0.72125 0.17097227999998932 0.17249356168929317 0.17240502579779776 0.17239826914435114 0.17239822707873148 
-0.72 0.17103021079358807 0.17253303456452224 0.17244534624414587 0.17243859394215444 0.17243855136880656 
-0.71875 0.17103510231494923 0.17251943686031534 0.1724320092171863 0.17242521186347037 0.17242516698014967 
-0.7175 0.17095433266604568 0.17241166471556743 0.1723243576162816 0.17231750510325072 0.17231745643523302 
-0.71625 0.17091634069569017 0.17234757456320465 0.17226019354572453 0.17225326879967126 0.17225321577395578 
-0.715 0.17089174531308188 0.172303410023515 0.17221638469522182 0.17220942216592808 0.17220936693064026 
-0.71375 0.1709120327659729 0.17230269408604906 0.17221610338250137 0.17220911256793509 0.1722090552704102 
-0.7124999999999999 0.17088779452296898 0.1722560271935879 0.17216969343633368 0.17216265890448182 0.17216259877219225 
-0.7112499999999999 0.17087979314011603 0.17222754586141023 0.1721415860072924 0.17213451690609546 0.17213445473346295 
-0.71 0.1709133964070294 0.1722390573460276 0.17215359490412588 0.17214650446946844 0.17214644068541624 
-0.70875 0.170899739955436 0.17220550044307684 0.17212050179336255 0.17211338523485523 0.17211331997170554 
-0.7075 0.17083765559377234 0.17211832453243345 0.17203321195542956 0.17202601941761397 0.1720259504543961 
-0.70625 0.17070685432004662 0.1719555249462265 0.17186994184846255 0.17186264693915176 0.17186257245042208 
-0.7050000000000001 0.17053950964078998 0.17175045314648252 0.17166438305818293 0.1716569909749951 0.17165691026519864 
-0.70375 0.17055207950794285 0.1717443398664101 0.1716586301105585 0.171651198449792 0.17165111650471523 
-0.7025 0.1706927397068652 0.17187614265142034 0.17179166356227593 0.17178426691513665 0.17178418736278606 
-0.7012499999999999 0.1707269898271556 0.17188782356839905 0.1718040240998509 0.17179662694400505 0.17179654635916727 
-0.7 0.1706488817453011 0.171783922746376 0.17169982709507955 0.17169233956176022 0.17169225456138248 
-0.69875 0.17058152191758832 0.1716930154184408 0.1716090066856093 0.17160146351415 0.1716013756887817 
-0.6975 0.1705817248194588 0.1716710465433675 0.1715873138464971 0.17157973283017422 0.1715796424506982 
-0.69625 0.17052277828873813 0.17158900498666885 0.17150537753936593 0.1714977424825078 0.17149764919247013 
-0.6950000000000001 0.17052260349168893 0.1715636771887587 0.17148032521085843 0.17147265674897996 0.17147256110637538 
-0.69375 0.17052262783548516 0.17153818872479906 0.1714552552678149 0.17144757146098302 0.17144747361478177 
-0.6925 0.1705389473803408 0.1715327889513657 0.1714502240347047 0.17144251144267508 0.17144241181972353 
-0.6912499999999999 0.1703981748137906 0.17136261417242252 0.1712797014464973 0.17127189927069694 0.17127179476229687 
-0.69 0.17010045887070957 0.1710252920318153 0.17094094847701535 0.1709329578063392 0.17093284379108667 
-0.68875 0.1701160823578644 0.17101754225083046 0.1709336209039811 0.17092561425257158 0.17092549819695532 
-0.6875 0.1703270379108898 0.17122529648266338 0.17114289965268298 0.1711349485081572 0.17113483635201962 
-0.68625 0.17014899531958477 0.17100802434567533 0.17092503772527518 0.17091699244070171 0.17091687310475964 
-0.685 0.1701349105391207 0.17097448442660962 0.17089166817478926 0.1708835714665338 0.17088344993148447 
-0.68375 0.17021436475894805 0.17103666715865767 0.1709546610241498 0.17094657546001127 0.17094645374306294 
-0.6825 0.17028143557895653 0.1710854844456852 0.17100417840208612 0.1709960996308262 0.17099597736091052 
-0.6812499999999999 0.1701865153068321 0.17096326960173394 0.17088177864154822 0.17087362693500216 0.1708735003674961 
-0.6799999999999999 0.170125621215505 0.17087589342475398 0.17079438358387408 0.17078617643964533 0.17078604616805484 
-0.67875 0.17008728067642384 0.17081274717377506 0.17073135781715543 0.17072310809871066 0.17072297477949666 
-0.6775 0.1699851430194427 0.17068027722623824 0.17059860405016383 0.1705902772127044 0.17059013890148006 
-0.67625 0.1700281717744197 0.1707042121393359 0.17062312057168386 0.17061478785465112 0.1706146485325749 
-0.675 0.17004887768660762 0.1707054596878249 0.17062485791769957 0.17061651178168896 0.170616371083782 
-0.6737500000000001 0.16989056788485543 0.1705130681692228 0.17043178515015195 0.17042332578063335 0.17042317831511708 
-0.6725 0.16991933913351745 0.1705206010623548 0.17043979974993667 0.17043133612524003 0.17043118684954123 
-0.67125 0.169960596897599 0.17054267437847195 0.17046245642907698 0.17045399385981 0.1704538433126561 
-0.6699999999999999 0.1697493609951041 0.17028685786465445 0.1702056658249792 0.17019709501962474 0.1701969351462255 
-0.66875 0.16986713108762488 0.1703882720919017 0.1703076424258601 0.17029906377208068 0.17029890269199308 
-0.6675 0.16994874462606652 0.17045500785065149 0.17037503737506343 0.17036645290305538 0.1703662912570532 
-0.66625 0.16980188250942244 0.17027770260689412 0.17019746721092804 0.1701888175718717 0.17018865064076985 
-0.665 0.1696362569645053 0.17008152040299065 0.17000103381297083 0.1699923183125882 0.1699921459835246 
-0.6637500000000001 0.16962224982470453 0.17004124871205983 0.16996087033161866 0.16995212661626832 0.1699519505677213 
-0.6625 0.16958802705644485 0.16998512241747318 0.16990482204066643 0.16989602796056014 0.1698958486428247 
-0.66125 0.1695247646561595 0.16990084351837298 0.1698206329285104 0.16981177770654046 0.1698115949428404 
-0.6599999999999999 0.16952364824037014 0.1698731467040866 0.16979300963696753 0.16978412347275515 0.16978393719228796 
-0.65875 0.16950067037115207 0.16982561095348503 0.1697456654500668 0.16973675641690703 0.1697365674961271 
-0.6575 0.16946897490698065 0.16977068420076344 0.16969089121125416 0.16968194467231335 0.16968175314510195 
-0.65625 0.1694273477509168 0.16970404452636564 0.16962426706092626 0.16961527450439587 0.16961507970294598 
-0.655 0.16930702751673887 0.16955472923352263 0.16947452532367382 0.16946543311060336 0.16946523358009355 
-0.65375 0.16907162724256816 0.16927157266317006 0.1691903318814979 0.16918116529341262 0.1691809575919366 
-0.6525 0.16923764831792082 0.16942695216304207 0.16934662801314185 0.16933747652118777 0.16933727072043644 
-0.65125 0.16937247590250823 0.16955128678257014 0.1694720314617662 0.16946292284934017 0.1694627195919647 
-0.6499999999999999 0.16919602123763344 0.1693428561844124 0.16926311361850924 0.16925392277701112 0.16925371465995648 
-0.6487499999999999 0.16904140029542442 0.1691588572893898 0.16907864363726263 0.16906934638586835 0.1690691343472852 
-0.6475 0.16890183418664576 0.16898682057582284 0.16890617929985613 0.16889680739376484 0.1688965900730671 
-0.64625 0.16892592144010724 0.16898564090305418 0.16890518472504684 0.16889581394724054 0.1688955928103391 
-0.645 0.16907057749885662 0.16911962113484863 0.16904013732015608 0.16903079885684616 0.16903057876468464 
-0.64375 0.16883629463060143 0.1688477653469013 0.16876746686174351 0.16875802468316695 0.1687577965818753 
-0.6425000000000001 0.16877383402310664 0.1687601178517984 0.16867971179783575 0.16867020213096032 0.16866996964828584 
-0.64125 0.16887346775393144 0.16884365451562824 0.16876389129718247 0.16875440041162293 0.16875416688654452 
-0.64 0.16853511832815538 0.1684577202628026 0.1683764747189598 0.16836682721544785 0.16836658255827597 
-0.6387499999999999 0.1686917707719065 0.1686039375347811 0.1685237261215515 0.1685141263576263 0.16851388304541084 
-0.6375 0.16877315531300216 0.1686670573175933 0.1685873303028317 0.16857773824779898 0.16857749385958232 
-0.63625 0.16858616649990352 0.16844500915036262 0.16836454933915201 0.1683548432671168 0.16835459176361559 
-0.635 0.16857874226335978 0.16841580454411326 0.16833557236218655 0.16832585415263968 0.16832560052271356 
-0.63375 0.16853601933785706 0.1683500746432853 0.16826995351376525 0.16826018610561927 0.16825992963538897 
-0.6325000000000001 0.16840260407609026 0.16818000686080178 0.1680992181323857 0.16808939904532466 0.16808913617553134 
-0.63125 0.1684217702724829 0.168179030125218 0.16809850309121566 0.1680886692281608 0.1680884042664763 
-0.63 0.16829303438705898 0.16802145099992738 0.16794062972253915 0.1679307198492446 0.16793045001066742 
-0.6287499999999999 0.16817989704234687 0.16787699312819182 0.1677957273320527 0.16778574459513054 0.16778546897933877 
-0.6275 0.16804512146937423 0.16771055463448103 0.16762883699270856 0.16761878927336743 0.1676185078361523 
-0.62625 0.16802874987686578 0.1676704076009027 0.1675887454773087 0.1675786676085314 0.16757838291858895 
-0.625 0.16801309906172088 0.1676313327689711 0.16754974998475478 0.16753964682238642 0.16753935931172503 
-0.62375 0.16807762460124817 0.16767796278451097 0.16759681345277805 0.16758671442830345 0.16758642581963507 
-0.6225 0.1678654027352723 0.16742742245194725 0.1673453643940347 0.16733515329407123 0.1673348570467514 
-0.62125 0.1679074885908163 0.1674516052713973 0.16736996055774297 0.16735977706572822 0.16735948010738746 
-0.62 0.16797843449358907 0.16750441036888808 0.16742316626312254 0.16741295428141562 0.16741265604896582 
-0.6187499999999999 0.16777139277734657 0.16726115955964807 0.1671791192110498 0.16716881863543065 0.1671685137812397 
-0.6174999999999999 0.16768054713144395 0.1671426331629091 0.16706036007829964 0.16705002437393837 0.16704971552132022 
-0.61625 0.16771764846128534 0.16715558451130824 0.1670732241462683 0.16706289144510353 0.16706257981603334 
-0.615 0.1675682639897079 0.16697830237047495 0.16689581285162236 0.16688535742306917 0.1668850413514684 
-0.61375 0.1674631627539062 0.16683783484132877 0.16675444810208545 0.16674396776473085 0.16674364576313058 
-0.6125 0.16750537495952195 0.16685852257880707 0.1667753155404271 0.16676480162133697 0.1667644778933907 
-0.6112500000000001 0.16733589809686342 0.1666593421694467 0.16657561512465288 0.16656506471175664 0.16656473665269622 
-0.61 0.16702712855255275 0.16630742591472678 0.16622256113545025 0.16621185585103548 0.16621151971156434 
-0.60875 0.16725107906297998 0.16652430118352077 0.16644045049961043 0.16642980848797312 0.16642947480260703 
-0.6074999999999999 0.16774641345018715 0.16703310364638896 0.16695155206856935 0.16694108092482549 0.16694075618900303 
-0.60625 0.16748695087624849 0.16673382886119945 0.16665129854758462 0.16664069090971095 0.1666403599851871 
-0.605 0.1672785057725372 0.16648861433388773 0.16640524028782214 0.16639452870764498 0.16639419151026744 
-0.60375 0.16707100897719449 0.16624589749827998 0.1661617225498228 0.1661509319731691 0.16615058834241211 
-0.6025 0.1668402238793399 0.16597513514387174 0.16588971316813605 0.16587884635956152 0.16587849249372769 
-0.6012500000000001 0.1668416998921139 0.16595359801235074 0.16586832309146318 0.16585739072322098 0.165857036187243 
-0.6 0.16680843791764838 0.1658978407162878 0.16581252260737314 0.16580157662047024 0.16580121809344292 
-0.59875 0.16674321068534906 0.165806703416792 0.16572130278681418 0.16571029623719144 0.1657099341557811 
-0.5974999999999999 0.16667151038268335 0.16570615424938234 0.1656200778296253 0.1656090640505122 0.16560869473298684 
-0.59625 0.16680457290879847 0.1658260704642158 0.16574078507517342 0.1657297636702924 0.16572939531782424 
-0.595 0.16668358683172715 0.165677384277812 0.16559177022238608 0.16558069544353465 0.16558032234322217 
-0.59375 0.16647385189744937 0.16543052449879742 0.16534390671165985 0.16533274285627939 0.1653323615374852 
-0.5925 0.16626037773864688 0.1651804201370835 0.16509278044973966 0.1650815349222283 0.16508114525687365 
-0.59125 0.16622094990215325 0.1651164008734496 0.16502861362486398 0.16501733195553409 0.16501693835402606 
-0.59 0.16618739269566393 0.16505866113607542 0.16497077986905598 0.16495946145690166 0.16495906435349042 
-0.58875 0.16616423559606328 0.16501022336519727 0.16492213771559525 0.1649107760952567 0.1649103747519697 
-0.5874999999999999 0.16611278412330846 0.16493518828561024 0.16484705621486187 0.16483566150644105 0.16483525655563658 
-0.5862499999999999 0.16607374284968812 0.16487127640160182 0.16478280008136353 0.16477138252865287 0.16477097231365492 
-0.585 0.16602783380358588 0.16479926068676115 0.16471064130754495 0.16469916615921426 0.16469875183508803 
-0.58375 0.1658580451634777 0.1645994745148253 0.1645100894959402 0.16449857292605682 0.1644981510116546 
-0.5825 0.16587100497845936 0.1645878669475676 0.16449852082668337 0.16448695719204123 0.16448653180755068 
-0.58125 0.16575408781410034 0.1644428914184911 0.1643529949121534 0.16434138811958235 0.16434095619071942 
-0.5800000000000001 0.16566232700532013 0.16432283340606793 0.16423249459313363 0.16422083571438711 0.16422039795031787 
-0.57875 0.16565733182351702 0.1642957191233639 0.16420529235577105 0.16419361572476163 0.1641931734368567 
-0.5775 0.16570185994601055 0.1643209627121695 0.1642307005398096 0.16421901359884974 0.1642185679262653 
-0.5762499999999999 0.1655819382470689 0.16417186394110037 0.1640810070872379 0.16406927176102004 0.16406881846559937 
-0.575 0.16544832936514645 0.16400772651567966 0.16391629994940635 0.16390450476485088 0.1639040436599403 
-0.57375 0.16510299756406976 0.16361844211644125 0.16352529853158684 0.163513393709314 0.1635129189406977 
-0.5725 0.16495798495001796 0.16344163216578958 0.16334788578370382 0.16333591244529028 0.16333542909302767 
-0.57125 0.1651247999297954 0.1636017865513555 0.1635085300096088 0.16349662920547894 0.16349614369462248 
-0.5700000000000001 0.16522227479278395 0.1636800324045233 0.1635870195385653 0.16357510281006937 0.16357461269918516 
-0.56875 0.1650695033612222 0.16349526643971402 0.16340166269013995 0.16338967542504274 0.1633891765125472 
-0.5675 0.1648556343784139 0.16324718379936715 0.16315256952563187 0.16314051222239762 0.16314000298999476 
-0.5662499999999999 0.16498868445849438 0.16336456779641342 0.16327041241011672 0.16325835478210637 0.16325784160877346 
-0.565 0.16472155041141157 0.16306375347555022 0.16296845196335077 0.1629563340067463 0.1629558101411514 
-0.56375 0.16466834312340647 0.16297926855665149 0.16288349866381882 0.1628713129000362 0.1628707812624178 
-0.5625 0.1645427669140094 0.16282778660134525 0.1627312406754421 0.16271902369302102 0.162718485360416 
-0.56125 0.1645927452310975 0.16286138770926933 0.16276484731112906 0.16275263967802098 0.16275209744376207 
-0.56 0.16471071040852406 0.162965014982981 0.1628688203079097 0.16285662501225923 0.16285607998365073 
-0.55875 0.16468121753391118 0.16291148388228563 0.1628150600700047 0.16280283220862174 0.16280228172349054 
-0.5575 0.16444677195382018 0.16264057416811364 0.16254316461754278 0.16253084645672713 0.1625302869416301 
-0.5562499999999999 0.1641271679567751 0.1622765463776144 0.16217766538547018 0.1621652147883883 0.1621646440600342 
-0.5549999999999999 0.16381326547306732 0.16192002750959147 0.16181982387631885 0.16180725149615136 0.16180667103109114 
-0.55375 0.16383908859910135 0.1619326164642782 0.16183219751297434 0.16181964284424213 0.16181906421489622 
-0.5525 0.16395480799638987 0.16202733359828453 0.16192723940752843 0.16191465285919474 0.1619140724997521 
-0.55125 0.16382374519665063 0.16187001819856903 0.16176941269378636 0.16175678114019612 0.1617561967658628 
-0.55 0.16373348828237524 0.16175052175592658 0.16164941483985193 0.1616367244809611 0.1616361359938108 
-0.5487500000000001 0.16367447691595413 0.16167020133731574 0.161568395047984 0.16155570014722473 0.16155510722784228 
-0.5475 0.1636950572785904 0.1616694064117715 0.1615676649337922 0.16155494674142884 0.16155434813740963 
-0.54625 0.16323075919433283 0.16115498518809346 0.16105108035355956 0.16103822252365052 0.1610376087651214 
-0.5449999999999999 0.16349424310228058 0.1614097918913956 0.16130674324475028 0.16129391977545693 0.16129330713329884 
-0.54375 0.1639423818012735 0.1618685614867273 0.1617672820381536 0.16175458827972625 0.16175397861934546 
-0.5425 0.16358719554746068 0.16147100918890214 0.16136809387342035 0.16135529256619052 0.16135466907595478 
-0.54125 0.16305329022489284 0.1608776585195099 0.16077224968778553 0.16075925910598446 0.1607586159948736 
-0.54 0.16263302778993846 0.16041310297448075 0.16030564413324871 0.16029252974887684 0.16029187510358242 
-0.5387500000000001 0.16251518068425774 0.16026525937437633 0.16015712346791838 0.16014394588630607 0.160143282857022 
-0.5375 0.16266377853241681 0.16040330292249247 0.1602956891993754 0.16028253222050026 0.1602818706769928 
-0.53625 0.16285414250668037 0.1605833892218986 0.16047621879268675 0.16046308556149325 0.16046242325177626 
-0.5349999999999999 0.1626658317873545 0.16036417755119428 0.1602560056505388 0.16024280100408464 0.16024213261653442 
-0.53375 0.1625692046459652 0.16023562127046945 0.16012697256029698 0.16011369306774884 0.16011302031006996 
-0.5325 0.16243091525200937 0.16007666397830744 0.1599669035184084 0.15995361158941068 0.1599529339655954 
-0.53125 0.16254288359784183 0.16016888517245742 0.16005942542724397 0.16004610106543632 0.1600454238545597 
-0.53 0.1624596087755958 0.16006027560306196 0.1599503264591885 0.1599369689182823 0.1599362849506776 
-0.52875 0.16236870121610106 0.15994112944144395 0.15983052420922123 0.1598171143361664 0.15981642399685245 
-0.5275 0.16225220062714668 0.1597968124078413 0.15968545630379025 0.15967199407692204 0.15967129836348315 
-0.52625 0.16211500803055134 0.15963018984644556 0.15951799313787574 0.15950447054374614 0.15950376902573463 
-0.5249999999999999 0.16169993091384666 0.15917057218502847 0.15905638087107293 0.15904272909421824 0.15904201770223633 
-0.5237499999999999 0.16135842695945601 0.15878787493260832 0.15867197484442008 0.1586582077615078 0.1586574877981756 
-0.5225 0.1613629789697707 0.1587708195511651 0.15865465701536557 0.15864086156680302 0.1586401402607353 
-0.52125 0.16168892348869712 0.1590947865392764 0.15897969765094772 0.15896595995673493 0.1589652434210141 
-0.52 0.1616452478527919 0.15902697739493316 0.15891148826032353 0.15889771396753866 0.1588969957024714 
-0.51875 0.16141103665891296 0.15876573738240657 0.15864879468221876 0.1586349626147905 0.15863423766890264 
-0.5175000000000001 0.16133786135365774 0.15866054366814197 0.15854313423881553 0.15852922759198076 0.15852849950271586 
-0.51625 0.16108409031860624 0.15837555879348938 0.15825658776313373 0.15824260949841384 0.15824187281008367 
-0.515 0.16115797872905305 0.15843182646385456 0.15831287602613547 0.15829888140668916 0.15829814185769467 
-0.5137499999999999 0.16079390360629559 0.15802776887991596 0.15790712567070472 0.15789302129187135 0.15789227210210338 
-0.5125 0.16076169928134174 0.1579688285521816 0.15784768753164782 0.15783353208695738 0.15783277790792627 
-0.51125 0.16108352053958674 0.15828844931597086 0.15816832595316244 0.15815422380423527 0.15815347220151857 
-0.51 0.16119269712124634 0.15838321758286308 0.15826322629499698 0.15824912321984705 0.158248371254312 
-0.50875 0.16086216492882116 0.15801380196084955 0.1578920411420633 0.15787782614451928 0.15787706542151203 
-0.5075000000000001 0.1604587651426488 0.1575734913139133 0.15744977951778813 0.15743545893342983 0.1574346905388092 
-0.50625 0.16070593680059833 0.15781357454051964 0.15769043028422725 0.1576761387442682 0.15767537343161434 
-0.505 0.1607044355802829 0.15778947514602912 0.15766598107989938 0.15765165379924104 0.15765088758449552 
-0.5037499999999999 0.1603539482900662 0.15738962552938815 0.15726441369845676 0.15724993053462946 0.15724915540688936 
-0.5025 0.15991960052646714 0.15692387495411136 0.1567965874535361 0.1567820240366355 0.15678124201919355 
-0.50125 0.1600407075249954 0.15702459644674507 0.15689720934064194 0.15688261604412104 0.15688183446790702 
-0.5 0.15983957081140177 0.15679776758319525 0.15666944074746597 0.15665479705507174 0.15665400943273072 
-0.49875 0.1597050285612928 0.15662837273321453 0.1564990732370423 0.1564843451466299 0.15648355190569752 
-0.49749999999999994 0.15981709192013907 0.15672597620754125 0.1565967151880989 0.15658199181048676 0.15658119624606942 
-0.49624999999999997 0.15957853177526163 0.1564533502449902 0.15632276818308607 0.15630796260329982 0.1563071584243931 
-0.495 0.15919506606790035 0.15603082490917267 0.15589815948419447 0.1558832419079088 0.1558824265521891 
-0.49375 0.15923221238195595 0.15605408361159714 0.15592126331073441 0.15590634867503358 0.1559055319561271 
-0.49249999999999994 0.15929114212062054 0.15609325537337626 0.15596027114799452 0.15594533886263373 0.155944519238678 
-0.49124999999999996 0.1589417757223865 0.15570313929664084 0.15556830506460384 0.1555532576418953 0.15555242906394767 
-0.49 0.15870278692792184 0.15543230132293576 0.15529599233273858 0.1552808652919929 0.1552800285063158 
-0.48875 0.15882023258483968 0.1555319835687209 0.1553958306442548 0.15538069188756343 0.1553798551258189 
-0.48750000000000004 0.1590635065377727 0.1557719433850522 0.1556362502559653 0.15562116018604044 0.15562032567132625 
-0.48624999999999996 0.15886317473509776 0.15554431007742064 0.15540747378983386 0.15539232168589645 0.15539148018952986 
-0.485 0.15856033420887225 0.15519857466716636 0.1550600018757429 0.15504472198831867 0.15504387215516457 
-0.48375 0.15848262013185735 0.15509742248073402 0.15495812389840236 0.1549428015694722 0.15494194809680312 
-0.48250000000000004 0.1581844043792394 0.15476440246262743 0.15462346703289634 0.15460804295990965 0.154607182229639 
-0.48124999999999996 0.1576346633387762 0.1541721062877346 0.1540284884297859 0.15401292478096282 0.154012052430599 
-0.48 0.15746612829903628 0.1539712769155391 0.15382654182545316 0.15381088873922627 0.15381001395447938 
-0.47875 0.15788021463462368 0.15438738752108738 0.15424376267160153 0.1542281787030895 0.15422730866616643 
-0.47750000000000004 0.1578243863595801 0.15431180127850896 0.15416762990451355 0.15415202305325956 0.1541511484524624 
-0.47624999999999995 0.15827570346961503 0.15476182567461902 0.15461878754796704 0.154603242345497 0.15460237031588236 
-0.475 0.15873891333691617 0.15523185398158193 0.15509029682529313 0.155074852561829 0.155073983577733 
-0.47375 0.1577488361868277 0.15417498638787452 0.15402898364697049 0.15401330221107412 0.15401241002857408 
-0.47250000000000003 0.15730699476560495 0.15369652359009492 0.15354822441115026 0.15353244094860655 0.1535315347979637 
-0.47124999999999995 0.15710699354270807 0.15345668841336532 0.1533069271209187 0.15329104755126408 0.15329012905363384 
-0.47 0.1569441827329195 0.15327182584522 0.15312102562307683 0.1531051091673698 0.1531041814420271 
-0.46875 0.15703837968221096 0.15334206204590722 0.15319107336453028 0.15317513050085388 0.15317420029270426 
-0.4675 0.15683265905236193 0.15311932045218327 0.15296710743307718 0.15295114460850648 0.152950206023584 
-0.46624999999999994 0.15686996095844843 0.15313989711860687 0.15298714870448865 0.15297115722828428 0.152970210933482 
-0.46499999999999997 0.15683938187923044 0.1530813658270664 0.1529281434181841 0.15291210704806135 0.15291115687778856 
-0.46375 0.15671094308785363 0.15292552859142058 0.15277109133737285 0.1527549926348204 0.1527540312883585 
-0.4625 0.15654705344247508 0.15273634252121313 0.1525808322730755 0.15256468446635887 0.15256371129250673 
-0.46124999999999994 0.15622214343258214 0.15237701451708358 0.15221967385788882 0.15220343614800488 0.15220244665123886 
-0.45999999999999996 0.15571767500843928 0.15182974783011322 0.15166991140446068 0.1516535442607129 0.15165253578717094 
-0.45875 0.15599269976046704 0.15209584622391023 0.1519364000307939 0.15192006121264412 0.1519190458138303 
-0.4575 0.15618503649961943 0.15228380790440396 0.1521247216353206 0.15210842060061192 0.15210740150191399 
-0.45624999999999993 0.1556803230960485 0.1517401293212204 0.15157849811433763 0.15156207477377062 0.1515610410701652 
-0.45499999999999996 0.15562431870873025 0.15166647222812746 0.1515040416435685 0.15148759296672829 0.15148655160337107 
-0.45375 0.1555680027578656 0.15159403296958615 0.15143079860477512 0.1514143216603647 0.15141327429851847 
-0.4525 0.15543593570302522 0.1514218288269863 0.1512573137651158 0.1512407443547142 0.15123968073934915 
-0.45125000000000004 0.15534805295220974 0.1513151898008797 0.15114990279985793 0.15113329699906666 0.15113222911309007 
-0.44999999999999996 0.15504822537421933 0.15098101404160763 0.15081406928806476 0.15079738268779555 0.15079630507455286 
-0.44875 0.15495459931988237 0.15085930300544959 0.15069130454976767 0.15067454966375232 0.1506734664642037 
-0.4475 0.15468723907005555 0.1505639399987425 0.15039432483550505 0.1503775002219137 0.15037641390749965 
-0.44625000000000004 0.1546171031279409 0.150484078191217 0.1503136018735269 0.15029675553348157 0.1502956683713732 
-0.44499999999999995 0.15473421215280395 0.15058394021359545 0.15041316039686775 0.1503962940546685 0.15039520988479677 
-0.44375 0.1549772042644615 0.15082337792146613 0.1506530363099331 0.15063620915382983 0.15063512937838694 
-0.4425 0.1544002244491753 0.15019332167329608 0.15002018218442745 0.15000319520302652 0.15000210852565943 
-0.44125000000000003 0.15433389068366005 0.15010289332315113 0.14992880887239046 0.14991176632690675 0.14991067623834783 
-0.43999999999999995 0.1541133643174962 0.14984929730256885 0.14967367992725422 0.1496565521767966 0.1496554579950707 
-0.43875 0.15383180814134803 0.14954326146160887 0.1493660387588948 0.14934884061980147 0.14934773978237423 
-0.4375 0.15369728521744558 0.14937626219192687 0.14919777017461838 0.14918049327374916 0.1491793879182129 
-0.43625 0.1536477924610037 0.14930978701071748 0.14913049480194146 0.14911318959913358 0.14911207930817882 
-0.43499999999999994 0.153511341961179 0.1491536862786531 0.14897330114478416 0.14895594588679273 0.14895482868128238 
-0.43374999999999997 0.15340707227397193 0.14901459669743872 0.14883300411111358 0.14881556410682484 0.14881443760525243 
-0.4325 0.1531817321471004 0.14877696881628372 0.1485940758476315 0.14857660419094534 0.1485754750850672 
-0.43125 0.1532578520803779 0.1488433962761111 0.14866005165822466 0.14864256446414956 0.14864143396755158 
-0.42999999999999994 0.15325900554061067 0.14882304361440615 0.14863909527496866 0.14862157362822345 0.14862043918012013 
-0.42874999999999996 0.15288715332904784 0.1484113002294678 0.14822527550371156 0.14820763449271784 0.14820649072481096 
-0.4275 0.15275647538752432 0.1482550889272912 0.14806778465072204 0.14805007816248306 0.1480489287387035 
-0.42625 0.15253542724352573 0.14800745020467146 0.14781869410916418 0.1478009177080336 0.1477997612781235 
-0.42499999999999993 0.15224219836509237 0.14768976201127368 0.1474993573392791 0.1474815116017383 0.1474803484492298 
-0.42374999999999996 0.15212108893744003 0.14753810183691288 0.14734627827486377 0.14732834890829014 0.14732717762679903 
-0.4225 0.1520117118013791 0.14742066078061697 0.1472280500783504 0.1472101066185679 0.1472089323785157 
-0.42125 0.15184308625761894 0.14720382629648399 0.14700951281329427 0.146991465227773 0.1469902821772868 
-0.42000000000000004 0.15189707182848364 0.14726777893922108 0.14707314699836005 0.14705510146736497 0.14705391443182303 
-0.41874999999999996 0.15171402358382122 0.14705368932494145 0.14685792616720422 0.14683987101406085 0.14683868017483123 
-0.4175 0.15142772588988312 0.14673213853028372 0.14653434692188796 0.1465161633042637 0.14651496190158905 
-0.41625 0.15145255994381338 0.14673871290072146 0.14654023387902113 0.14652202962872127 0.14652082419131074 
-0.41500000000000004 0.15139470875990188 0.14666322402729925 0.14646385713168916 0.1464456417691178 0.14644443107757432 
-0.41374999999999995 0.15080666700667666 0.1460299838511107 0.1458275313358116 0.14580916250463544 0.1458079369459234 
-0.4125 0.15069623038871272 0.14590877114229373 0.145705252482401 0.14568687288896387 0.1456856425209855 
-0.41125 0.15119906259716676 0.1464308369773244 0.14622870108214958 0.14621044676657524 0.14620922140410922 
-0.41000000000000003 0.15125858973535636 0.14646883388070853 0.14626634883009962 0.1462481034473049 0.14624687498440156 
-0.40874999999999995 0.15061232682190667 0.14576206209955184 0.14555601545854271 0.1455375839145286 0.14553633611246408 
-0.4075 0.15066541342616213 0.14579981777410977 0.14559313901455082 0.145574688612368 0.14557343624368935 
-0.40625 0.15046344062455932 0.14558266650299154 0.1453747112029265 0.14535621959565595 0.14535496307403967 
-0.405 0.1500457880760576 0.14511635983800486 0.14490574609931675 0.14488711175640198 0.14488584088536138 
-0.40374999999999994 0.14989642510818993 0.14494320994281554 0.1447313696713564 0.1447126853831531 0.14471141122578002 
-0.40249999999999997 0.14953939387323076 0.14459865700996027 0.1443856820974823 0.14436702250308803 0.14436574958050571 
-0.40125 0.14955028535011647 0.14457888728023474 0.1443643961158242 0.1443456276605038 0.14434434429451953 
-0.4 0.14968223192815133 0.14466350908054007 0.144448096900369 0.14442924918381395 0.14442795558185578 
-0.39874999999999994 0.14938676233474288 0.14437102467903073 0.1441545653023704 0.14413571919994456 0.14413442379105604 
-0.39749999999999996 0.14917269722149712 0.14413368452566655 0.14391577285976753 0.1438968753350836 0.1438955745155693 
-0.39625 0.14923835408435027 0.1441764314379715 0.1439575997171338 0.14393865810167036 0.14393735239302063 
-0.395 0.14911123469369905 0.14401792653422688 0.14379750530346894 0.1437784867312447 0.14377717411473134 
-0.39374999999999993 0.14864687959569342 0.14353684149362875 0.14331436060695416 0.14329527332862374 0.1432939530850591 
-0.39249999999999996 0.14805498207762288 0.14289250135492026 0.1426668740248785 0.1426476405110721 0.1426463065575505 
-0.39125 0.14779502537938616 0.1426118573755641 0.14238460684001855 0.1423653054446575 0.14236396240805618 
-0.39 0.14793053374172485 0.1427402508287372 0.14251272555205322 0.142493446226531 0.1424920990141085 
-0.38875000000000004 0.14803618267589053 0.14281394645981368 0.14258538933839263 0.14256606828986923 0.14256471308720212 
-0.38749999999999996 0.14804641764519286 0.14282521336388043 0.14259623419641257 0.14257692069847153 0.1425755610673343 
-0.38625 0.14786986197112947 0.14264733757856915 0.1424178416033587 0.1423985175846935 0.14239714997494524 
-0.385 0.14752701070235355 0.14223549410525113 0.1420028557575712 0.14198334019721712 0.141981947383967 
-0.38375000000000004 0.14735577255141796 0.1420688091320348 0.14183545267047482 0.14181595105223505 0.1418145687916393 
-0.38249999999999995 0.14754734782795906 0.14225068347124062 0.1420169658057526 0.14199743692649014 0.14199604574016608 
-0.38125 0.14719907078374947 0.14186816704184715 0.14163233111308504 0.14161268379356876 0.14161128155699762 
-0.38 0.14688264149039293 0.1415289133720829 0.1412914039798388 0.1412716782780388 0.14127027562966718 
-0.37875000000000003 0.14674167722578424 0.1413571288940001 0.14111797564998982 0.14109815626036895 0.14109674995899396 
-0.37749999999999995 0.14629110748593382 0.14087481079190103 0.14063322928891034 0.1406132940731326 0.14061188357519167 
-0.37625 0.14543088555548797 0.1399771505470862 0.13973185750121164 0.1397117544213856 0.13971033520503484 
-0.375 0.1459809848972535 0.14052322106745302 0.14027868901638713 0.1402586342339048 0.14025722108115907 
-0.37375 0.1462135305906997 0.1407453521844216 0.14050096188129307 0.14048095682135725 0.14047955190086475 
-0.37249999999999994 0.14604899978399033 0.1405980613774063 0.14035305568994805 0.14033305068102814 0.14033164833823297 
-0.37124999999999997 0.1460713388053794 0.14056328645012597 0.14031587837269338 0.14029578608973262 0.14029436957693395 
-0.37 0.14548153692333915 0.1399392491999892 0.1396897127831083 0.13966951612019468 0.1396680917803643 
-0.36875 0.1453524369834075 0.1398423530560224 0.13959228099626372 0.13957206070112396 0.1395706432163438 
-0.36749999999999994 0.1454271088202753 0.13984467326513408 0.13959252377961986 0.13957222696508978 0.1395707906960745 
-0.36624999999999996 0.14504954619653462 0.1394700300833197 0.13921652819924768 0.1391961633362755 0.13919472682520873 
-0.365 0.14519354556311836 0.13960922352055968 0.1393558746061449 0.13933552454635245 0.13933409053393023 
-0.36375 0.14519321550643274 0.13956779061043115 0.13931268583896564 0.1392922189691784 0.13929077775792081 
-0.36249999999999993 0.14432185717814833 0.1386731849345358 0.13841479346619398 0.1383941508197921 0.138392707181307 
-0.36124999999999996 0.14418359533698025 0.13852369249055596 0.1382641526474376 0.1382434397716225 0.1382419999017602 
-0.36 0.1444460497483132 0.13876873637301237 0.13850892954848457 0.13848818713007402 0.13848675024710547 
-0.35875 0.14402486273804893 0.13832860477488454 0.13806672897170152 0.1380458826283235 0.13804444158876564 
-0.35750000000000004 0.14364528366566365 0.1378819764670973 0.13761694386621728 0.13759586978303098 0.13759442571354805 
-0.35624999999999996 0.14352544920570998 0.13780009211516234 0.13753520339021486 0.137514200774189 0.1375127570789867 
-0.355 0.14356598026845516 0.13781343053018844 0.13754723315898826 0.13752613699230326 0.1375246938236168 
-0.35375 0.1435606168182258 0.13774187822700631 0.13747322433297215 0.13745190379371033 0.13745046532010965 
-0.35250000000000004 0.14313693229508256 0.13736458561597611 0.13709634677834986 0.1370752140974237 0.1370737575564923 
-0.35124999999999995 0.14288397723554339 0.13703518854698035 0.13676345517972618 0.1367420142513668 0.1367405637544154 
-0.35 0.1426018181703093 0.13675699528484533 0.1364841548056525 0.13646270816616732 0.13646125875707557 
-0.34875 0.14259097307489974 0.13672723794022446 0.13645356551628682 0.13643211609129102 0.1364306632406546 
-0.34750000000000003 0.14287621711355386 0.1369992507716456 0.13672508286519316 0.13670361656966734 0.13670216718207295 
-0.34624999999999995 0.142438190256047 0.1365343781955926 0.13625788161331442 0.13623633379585876 0.13623487366434256 
-0.345 0.1418282811999867 0.13590630715422514 0.13562726409729695 0.13560563179647725 0.1356041555292283 
-0.34375 0.1411619177045585 0.13520764309930816 0.1349254498622021 0.13490370788905257 0.1349022148326673 
-0.3425 0.14145772879196272 0.13550373441444502 0.13522146786471803 0.13519977021446178 0.13519826830507173 
-0.34124999999999994 0.14185579657258654 0.13588803748054198 0.13560594840328363 0.13558430810860095 0.13558279551990912 
-0.33999999999999997 0.1417815621805886 0.13580011543740805 0.13551691635911536 0.13549523848482972 0.13549371496699106 
-0.33875 0.14100746705760125 0.1350033097500074 0.13471748477638462 0.13469572211818287 0.13469417623631397 
-0.3375 0.14097923413826602 0.13491984577094648 0.13463121011912288 0.13460933405395042 0.13460775190527166 
-0.33624999999999994 0.14032497874389288 0.1342819243180973 0.13399232121577165 0.13397038519944426 0.13396881235774885 
-0.33499999999999996 0.14030540465218824 0.13422180944748785 0.13393007654854316 0.1339080645710539 0.13390646867577638 
-0.33375 0.14019492891021423 0.1341309859223768 0.13383920391388962 0.1338171932977274 0.1338155950379086 
-0.3325 0.1402048941722954 0.13413772924573272 0.13384521729709187 0.13382316754642876 0.13382156778587267 
-0.33124999999999993 0.14023101712837294 0.1341249478402918 0.1338306768285632 0.13380853245820962 0.13380692398395952 
-0.32999999999999996 0.14038115172134524 0.13424797165492555 0.13395271642165077 0.13393052137327122 0.13392890511492375 
-0.32875 0.1405460271591781 0.1344250789453876 0.13413036415858204 0.1341082120766931 0.13410659523188337 
-0.3275 0.13982373752777502 0.13365729954428276 0.13335895489811528 0.1333366097634726 0.13333497471389194 
-0.32625000000000004 0.13934119064458195 0.13315281882584737 0.13285219646929236 0.13282973975379675 0.13282809556900768 
-0.32499999999999996 0.13880234905804492 0.13258797028464847 0.13228478781751662 0.13226220366080058 0.1322605480654189 
-0.32375 0.13858954749688643 0.13235608134299814 0.1320511953361863 0.1320285125662279 0.1320268525816977 
-0.3225 0.1384557000608904 0.1322108185411879 0.13190489440011186 0.13188217053987442 0.13188051063160222 
-0.32125000000000004 0.13834960853245254 0.13208630102332128 0.13177901851362459 0.1317562190774879 0.13175454196929584 
-0.31999999999999995 0.1381045065831974 0.13182504562438355 0.13151612784054398 0.13149325549507035 0.13149157711529497 
-0.31875 0.1378989059710182 0.13159477407393402 0.13128413155004173 0.13126119838436281 0.1312595028019644 
-0.3175 0.13742609237050912 0.13112540913317353 0.13081332784507177 0.13079032256387585 0.1307886050966741 
-0.31625000000000003 0.1366998520251382 0.1303479781636604 0.13003184201450477 0.13000864491571384 0.13000690602214932 
-0.31499999999999995 0.13727186783248688 0.13093084731643365 0.1306159583000545 0.13059282999393476 0.1305910633197317 
-0.31375 0.13840217339410033 0.13207375171593855 0.1317611055591687 0.13173808387645627 0.13173629697214617 
-0.3125 0.13738863497718667 0.13102932806616352 0.13071323468034837 0.1306900330545313 0.13068823148650266 
-0.31125 0.13644996991467703 0.13004798303290466 0.12972761690852408 0.12970418394862798 0.1297023376768723 
-0.30999999999999994 0.1360595262245109 0.12965268708132788 0.12933090491102767 0.12930738958504184 0.12930552534730963 
-0.30874999999999997 0.13642147434728608 0.13000598342454003 0.12968431230910635 0.12966078901407457 0.12965892096744253 
-0.3075 0.1365268340853472 0.13009672000214964 0.1297740805092544 0.12975048505504197 0.12974860242884795 
-0.30625 0.13581373773032093 0.12937152525811207 0.1290467392904331 0.1290230303740891 0.12902112798858037 
-0.30499999999999994 0.13558210450448177 0.12909782026035163 0.12877031997300137 0.1287464233430445 0.12874451266927808 
-0.30374999999999996 0.13536046368898738 0.12888604937316128 0.12855789230615527 0.12853398327008675 0.12853207782673984 
-0.3025 0.13499040349541844 0.12847969680962693 0.12814890005567844 0.12812485308172372 0.12812292301594788 
-0.30125 0.13494050455987802 0.12840452877664657 0.128072193317003 0.1280480539805751 0.12804610866603314 
-0.29999999999999993 0.13457472956229977 0.12807770291282763 0.12774612044772016 0.12772203095539925 0.12772011616348822 
-0.29874999999999996 0.13490748178819004 0.12839193764626208 0.12805892376990013 0.12803475721061 0.12803281656563534 
-0.2975 0.13521459003600844 0.1286658945791758 0.12833203360197604 0.1283078151044862 0.12830585813217257 
-0.29625 0.13475357169853788 0.12819328223374837 0.12785766911566304 0.12783334374474875 0.1278313785860704 
-0.29500000000000004 0.1341395549352147 0.12754867337345954 0.1272100766841134 0.12718557398094255 0.1271835976179849 
-0.29374999999999996 0.13353087539384834 0.1269331778576634 0.12659257891646652 0.1265679709337425 0.12656599114215217 
-0.2925 0.13317700594020682 0.12654368679658798 0.1262003890426181 0.12617560517674256 0.1261736151212245 
-0.29125 0.13321828538638525 0.12661068205897555 0.1262678378904724 0.1262431036787026 0.12624112846653143 
-0.29000000000000004 0.1332071126028711 0.12658699118213584 0.12624280135053048 0.1262179730215495 0.1262159963207715 
-0.28874999999999995 0.13295695194087023 0.12628736556264172 0.12594041896109354 0.12591542334723502 0.12591344120818984 
-0.2875 0.1326695172382566 0.12601223683087534 0.12566449708168506 0.12563945906798676 0.12563748687287632 
-0.28625 0.13233009827600023 0.12564481253598425 0.12529521029504298 0.1252700960223307 0.12526812157376568 
-0.28500000000000003 0.13210980288394317 0.12541678324770444 0.12506586617413143 0.1250406920640124 0.12503872130399615 
-0.28374999999999995 0.1321009544501343 0.12538961193245304 0.1250372631166923 0.1250120138202421 0.12501004138163274 
-0.2825 0.13171475147328088 0.12499208728526616 0.12463807485409968 0.12461274854018291 0.12461077857400157 
-0.28125 0.1308641096566712 0.12413816023899592 0.12378179414270532 0.12375636472989367 0.12375439700785848 
-0.28 0.1315245607193681 0.12479020022954254 0.12443388567530517 0.12440845479155745 0.12440649654627743 
-0.27874999999999994 0.13196119612658838 0.1252083458378381 0.12485160193149036 0.12482615726720593 0.12482421388750489 
-0.27749999999999997 0.1312349963949609 0.12446764182313566 0.12410816234619121 0.12408259777280731 0.12408065103608851 
-0.27625 0.13054946104355905 0.12375170093418648 0.1233889769775634 0.12336324961047052 0.12336129838073626 
-0.275 0.1301373800322381 0.12333683691977113 0.12297288027351692 0.12294711935948453 0.12294516717446505 
-0.27374999999999994 0.12978785867789885 0.12299722763544402 0.12263205916493138 0.12260627468934604 0.12260431297984345 
-0.27249999999999996 0.1299395551051254 0.12310336511650506 0.12273582467494734 0.1227099163335781 0.12270794303592068 
-0.27125 0.12937339264376146 0.12255105122408423 0.12218282602348554 0.1221568787859517 0.12215489907738854 
-0.27 0.12929360891038238 0.12243781322116588 0.12206743314519578 0.12204137678610014 0.1220393872321834 
-0.26874999999999993 0.12907983819721847 0.12222514798948034 0.12185402806601991 0.12182791654329433 0.12182592546279056 
-0.26749999999999996 0.12877377069070037 0.12189201025362212 0.12151826905646572 0.1214919963914824 0.12149000121321946 
-0.26625 0.12819611803686815 0.1213165797992767 0.12094159744030591 0.12091525405705736 0.12091326186146394 
-0.265 0.12859995412846142 0.12172178999953273 0.12134644483322791 0.12132006508865814 0.12131807682898053 
-0.26375000000000004 0.12900501557772706 0.12212874153960308 0.12175395783306084 0.1217276019110592 0.12172562196498032 
-0.26249999999999996 0.1280892794688682 0.12119037306486068 0.12081279584461123 0.1207862701262984 0.12078429295011558 
-0.26125 0.1275753899840307 0.12064646474400947 0.12026599601210551 0.12023929246113049 0.12023731209262484 
-0.26 0.12760207207263832 0.12066528270524872 0.1202837737804063 0.12025700365926342 0.1202550241459584 
-0.25875000000000004 0.12742368270151322 0.12048082844304556 0.12009802396030675 0.1200711806643195 0.12006919968829673 
-0.25749999999999995 0.12700388478327743 0.12005627042841746 0.11967171145260144 0.11964478076705123 0.1196427954661828 
-0.25625 0.12692002934658084 0.11993080349956887 0.11954360278063143 0.11951653728493454 0.11951453706765294 
-0.255 0.12661659712687037 0.11965363036327702 0.1192665723330882 0.11923949186074499 0.11923750913448519 
-0.25375000000000003 0.12572995173655607 0.11874700452906362 0.11835733828276762 0.11833019986660347 0.11832818239601113 
-0.25249999999999995 0.126002367807636 0.11899713639468769 0.1186055643110428 0.11857833406344424 0.1185762977270791 
-0.25125 0.12581311909047269 0.11882342922265154 0.11843179655138182 0.11840457886791976 0.11840254545050559 
-0.25 0.12567498809210803 0.11866690691057824 0.11827368267334826 0.11824639378202177 0.11824435075242304 
-0.24875000000000003 0.12545773436162266 0.11843932292104824 0.1180449759352318 0.11801761312180828 0.11801556916693336 
-0.24749999999999994 0.1252606206879665 0.118227980039177 0.117832204848984 0.11780477338875807 0.11780272599584671 
-0.24624999999999997 0.12475087265647157 0.11770350301444346 0.11730544849351535 0.11727786603676506 0.11727581389549024 
-0.245 0.12439420756004753 0.1173440948557746 0.11694472836748916 0.11691708079008808 0.11691502756554072 
-0.24375000000000002 0.12429602212658954 0.11725126744823185 0.11685119561321679 0.11682348883285207 0.11682144014288783 
-0.24249999999999994 0.12402362515287868 0.11696346089357823 0.1165614658987829 0.11653365990624304 0.11653160392474597 
-0.24124999999999996 0.12357177478245245 0.11650873388300785 0.11610542436097337 0.11607753965811321 0.11607548621588315 
-0.24 0.12340867245232195 0.11633102265089415 0.1159259530543967 0.1158979775922824 0.11589591643156286 
-0.23875000000000002 0.12284146612484145 0.11574433638415055 0.11533729586266427 0.11530921715790134 0.11530715287484279 
-0.23749999999999993 0.12254203807521408 0.11544374314343014 0.11503548978384573 0.11500732977523451 0.11500527271718491 
-0.23624999999999996 0.12260992695902427 0.11550285156744636 0.11509307217517992 0.11506482256384129 0.11506276107630681 
-0.235 0.1218981882416122 0.11480333731422565 0.11439220637905975 0.1143638788424971 0.11436182424922876 
-0.23375 0.12192336554635791 0.11481686978595314 0.11440467396394358 0.11437627377871161 0.11437422587931403 
-0.23249999999999993 0.1223477206698753 0.11522845858792068 0.11481595585866398 0.11478752546410467 0.11478548435658154 
-0.23124999999999996 0.12198482339928335 0.1148501411314819 0.11443642012224993 0.11440789602541704 0.11440587198288606 
-0.22999999999999998 0.12106601108617715 0.11391421437080136 0.11349717921433934 0.11346844826183163 0.11346643272060836 
-0.22875 0.12006932425053486 0.11291446010337024 0.11249473557361678 0.11246585174560145 0.11246384549286041 
-0.22750000000000004 0.12050265452483076 0.11334545143330511 0.11292599452258131 0.11289710670808 0.11289511125353066 
-0.22624999999999995 0.12087198775882309 0.11371663323186675 0.11329710857535698 0.11326820237942652 0.11326621768671988 
-0.22499999999999998 0.1203660676658611 0.11317277226450805 0.1127498156012268 0.11272073590635145 0.11271874196134375 
-0.22375 0.11983015681632622 0.11266835185802027 0.11224579963746095 0.1122167093889859 0.1122147273028577 
-0.22250000000000003 0.11957569668989255 0.11238534572943297 0.1119598613420331 0.1119306011871267 0.11192861777328643 
-0.22124999999999995 0.11928265121677702 0.11209938350247271 0.11167336896615106 0.11164406863877137 0.11164208997970161 
-0.21999999999999997 0.1187070119111956 0.11153260266637412 0.11110564745923235 0.111076282432669 0.11107430276447366 
-0.21875 0.11847723390287292 0.11127395459650195 0.1108444017133791 0.11081487558202649 0.1108128884227366 
-0.21750000000000003 0.11855993605328968 0.11134636311452072 0.11091606040771462 0.11088646140612358 0.11088447704135682 
-0.21624999999999994 0.11881050901072093 0.11159406530485438 0.11116350540176838 0.11113382290403506 0.1111318616261816 
-0.21499999999999997 0.11823208909607687 0.11101201839221667 0.11057938457986555 0.11054953281724238 0.11054759418661447 
-0.21375 0.11658307378119626 0.10937248066365253 0.10893704953078592 0.10890701799291655 0.10890509226369244 
-0.21250000000000002 0.11681250599966617 0.10959101264303094 0.10915497933755537 0.1091248795544805 0.1091229616505618 
-0.21124999999999994 0.11767655544735872 0.11043103830087016 0.1099942770821635 0.10996406728814447 0.10996217781212275 
-0.20999999999999996 0.11695007805354714 0.10972699679126383 0.10928990709196322 0.10925969166799417 0.10925779426930864 
-0.20875 0.1162381694055536 0.10900520882290828 0.10856580361350851 0.10853542842821924 0.10853354149574983 
-0.20750000000000002 0.1162056779466985 0.10896807652398542 0.10852772978692198 0.10849728607625479 0.10849540509845333 
-0.20624999999999993 0.11584971115648028 0.10860528890611267 0.10816368085340837 0.10813315166657181 0.10813127001214157 
-0.20499999999999996 0.1154860692731332 0.10822710224215089 0.10778329323072841 0.10775261740562198 0.10775073911870314 
-0.20375 0.11515796828770496 0.10789523117736009 0.10744996981207591 0.10741919820528761 0.10741731664977505 
-0.2025 0.11408884737339368 0.10683653244986953 0.10639013348732493 0.10635933132150621 0.1063574376337995 
-0.20124999999999993 0.11384371885019486 0.10661662762675948 0.10617041783440412 0.10613965805844926 0.10613774794177161 
-0.19999999999999996 0.11468800373813234 0.10741619497041718 0.10696772052621176 0.10693680599643365 0.10693490695584393 
-0.19874999999999998 0.11487532865551396 0.10760058256550092 0.10715216620684322 0.10712130198179479 0.10711937551783797 
-0.1975 0.11446272284854986 0.10719315997909871 0.1067433340674086 0.10671242954954442 0.10671047839364776 
-0.19625000000000004 0.11354447662594566 0.10627519518828252 0.10582299110023147 0.1057919693224251 0.10578999871098249 
-0.19499999999999995 0.11305978054629756 0.10579108411425502 0.1053375509200244 0.1053064649910392 0.10530447235155754 
-0.19374999999999998 0.11274464223085458 0.10547563370283398 0.1050210997009607 0.10498997474666327 0.10498796155982419 
-0.1925 0.11248264265122142 0.10518893069685203 0.10473192308173641 0.10470065975593758 0.1046986193054218 
-0.19125000000000003 0.11204080489012108 0.10477396714143898 0.10431759214220263 0.10428635828431645 0.10428431204659458 
-0.18999999999999995 0.11151257456450168 0.10423519435088051 0.10377674926526699 0.10374540256081599 0.10374333310628493 
-0.18874999999999997 0.11138040987116413 0.10410291842792364 0.10364312119573912 0.10361168122874202 0.10360959221011352 
-0.1875 0.11122732202865693 0.10395826975573703 0.10349810437906422 0.10346662659943623 0.10346453073466151 
-0.18625000000000003 0.11128695497575641 0.10399002758249883 0.10352785381473639 0.10349623984335514 0.10349412458862263 
-0.18499999999999994 0.11090478591981957 0.1036332676905349 0.10317203512869222 0.10314045822605357 0.10313833352331082 
-0.18374999999999997 0.10954223653021107 0.1022695622871557 0.10180563120722651 0.10177387736120733 0.1017717126593874 
-0.1825 0.11025722401607198 0.10296473420413998 0.10250031966142566 0.10246848832956156 0.10246628806956785 
-0.18125000000000002 0.11095263501255867 0.10365350426515954 0.10318941190347658 0.1031575641104315 0.10315534389040186 
-0.17999999999999994 0.10931491219184884 0.1020297461333468 0.10156283344443208 0.10153081227613187 0.10152856469422067 
-0.17874999999999996 0.10803462138275373 0.10077148487848112 0.10030377555340887 0.10027169711781347 0.10026943014666562 
-0.1775 0.10830244766846334 0.10101974544673736 0.10055052602371366 0.10051831584393185 0.100516020508943 
-0.17625000000000002 0.10829503975393638 0.10102363414883819 0.10055498795587417 0.10052278487754693 0.10052048136073835 
-0.17499999999999993 0.1079976956083871 0.10071821454309567 0.10024770463701384 0.10021536956378398 0.10021303904629948 
-0.17374999999999996 0.10786108851168637 0.10053960089506057 0.10006557928297408 0.10003300048818 0.10003063439734892 
-0.1725 0.10725361130613469 0.10001471127231354 0.09954395306226166 0.09951155367281395 0.09950924237594476 
-0.17125 0.10648620370723953 0.09921753683657554 0.09874459677060209 0.09871206563428644 0.09870975730809463 
-0.16999999999999993 0.1063166840859006 0.0990335834759552 0.09855811824642818 0.09852540834106344 0.09852307110969279 
-0.16874999999999996 0.10624148008244487 0.09898334840035174 0.09850923675171695 0.09847660832662256 0.09847428373902198 
-0.16749999999999998 0.10530954159852603 0.09806108746730763 0.09758463265487125 0.09755184980434099 0.09754952749241089 
-0.16625 0.10505020596602832 0.09779945000577706 0.09732240306323997 0.09728959080975626 0.0972872686207211 
-0.16500000000000004 0.10494847508896787 0.09769134090503996 0.09721316678177568 0.0971802919288339 0.0971779578634865 
-0.16374999999999995 0.10400993033031952 0.09676116316335853 0.09628163167148401 0.09624870170290502 0.09624635368679048 
-0.16249999999999998 0.10443930834493098 0.09718420953754545 0.09670399413248534 0.09667101786779948 0.09666865710439464 
-0.16125 0.10517918768211647 0.09790394059648998 0.09742346803401516 0.09739047038227187 0.09738809780903784 
-0.16000000000000003 0.10441221358785865 0.09715410957758752 0.09667338550950104 0.09664038680746233 0.09663800638724689 
-0.15874999999999995 0.10345170777586758 0.09622258418103215 0.09574117137912717 0.09570812208939092 0.09570573877902304 
-0.15749999999999997 0.10302490370106852 0.095785097343534 0.09530168825538807 0.09526853890162748 0.09526613448084045 
-0.15625 0.10265897162196021 0.09542911715191417 0.09494499711917756 0.09491180553466201 0.09490937929890322 
-0.15500000000000003 0.10213163887242102 0.09491012125538766 0.09442721157661961 0.09439406616378412 0.09439165826154476 
-0.15374999999999994 0.10182730388068173 0.09466156728065955 0.09417960158062734 0.09414649082829062 0.09414408932420502 
-0.15249999999999997 0.10143342063393801 0.09419765059696453 0.09370934048755981 0.09367582317182502 0.09367337000174322 
-0.15125 0.10042468836913626 0.0932412301897583 0.09275531424681169 0.09272187423841126 0.09271947862616328 
-0.15000000000000002 0.10064249157094993 0.09344866819009331 0.09296064634104914 0.09292702415778205 0.09292462384835322 
-0.14874999999999994 0.10136739460240071 0.09417849517939737 0.09369236981234065 0.09365883469855939 0.09365645180546749 
-0.14749999999999996 0.10139782610880492 0.09419726210816685 0.09370972668417449 0.09367606076756482 0.09367368117665062 
-0.14625 0.10015179856668187 0.09296396657621263 0.092474916030099 0.09244114442619918 0.0924387652317516 
-0.14500000000000002 0.0994350992169627 0.09227173075727091 0.09178210166732347 0.09174826881399566 0.09174589549187015 
-0.14374999999999993 0.09895974238153711 0.09179859145789634 0.09130766206338595 0.09127373239404891 0.09127135755302633 
-0.14249999999999996 0.09865807460630056 0.09149935581199274 0.09100740377848146 0.0909734469594734 0.09097106374703473 
-0.14125 0.09818318465628882 0.09104529252834716 0.09055429982033932 0.09052037780755977 0.09051799575930888 
-0.14 0.09796561760932265 0.09082296812564085 0.09032960833707139 0.09029551874696824 0.09029310226176405 
-0.13874999999999993 0.09678096429284554 0.0896505184124965 0.08915771517778139 0.08912371214864338 0.08912130376401617 
-0.13749999999999996 0.09610826658226806 0.08902946334937842 0.08853891028154769 0.08850510793047263 0.0885026618675521 
-0.13624999999999998 0.09691581536013882 0.0897685121928714 0.08927211401105023 0.08923793902169799 0.089235431065998 
-0.135 0.09684324802731172 0.08977177730669592 0.08928257461259051 0.08924879595083748 0.08924632253514621 
-0.13375000000000004 0.09686482106339786 0.08974884919763881 0.0892546604601196 0.08922057460667196 0.08921804703512064 
-0.13249999999999995 0.09511077758259921 0.08804395025400497 0.08755006533345562 0.08751603362066154 0.08751348867361855 
-0.13124999999999998 0.09403213060439064 0.08699034173392406 0.0864966861547562 0.08646259883064701 0.08646004228781842 
-0.13 0.09428562667896348 0.08724792387784701 0.08675382474672026 0.08671970754447209 0.08671713648707559 
-0.12875000000000003 0.09434502964346067 0.08729758318583146 0.08680241774385526 0.08676822151206083 0.08676563745262632 
-0.12749999999999995 0.09337384817830874 0.08636255025202154 0.08586844339079285 0.085834302916521 0.08583173319312878 
-0.12624999999999997 0.09324902481844476 0.08624281442022888 0.08574841612378734 0.0857142355629242 0.08571165766379128 
-0.125 0.09309239644787332 0.08608379562740327 0.08558857458942953 0.08555431800789697 0.08555173542706568 
-0.12375000000000003 0.0925196430271916 0.08555272888379023 0.08505904968251589 0.08502486774335304 0.0850223061742471 
-0.12249999999999994 0.09212257589605619 0.08518510733037687 0.08469301079321447 0.08465892242322186 0.08465637870401456 
-0.12124999999999997 0.09175433975498233 0.08481824635600785 0.08432435918658666 0.08429014610306594 0.08428759045179687 
-0.12 0.09108143979234724 0.0841279448114477 0.08363148077411553 0.08359708703134477 0.08359451811586933 
-0.11875000000000002 0.09028127734765573 0.08336559320583346 0.08287030895441219 0.0828359501219267 0.08283341427815868 
-0.11749999999999994 0.09056061556900606 0.08365760771683596 0.08316349591856764 0.08312916310306805 0.08312665116951387 
-0.11624999999999996 0.0905428063937625 0.08361717301480126 0.08312147944637964 0.08308699130758655 0.08308449430764642 
-0.11499999999999999 0.08895459687747863 0.08208260643853207 0.08158760641982116 0.08155311850216321 0.08155064943696408 
-0.11375000000000002 0.08922916134988786 0.08235852437435742 0.08186293289916566 0.08182835954286796 0.08182589921876034 
-0.11249999999999993 0.08926502838376592 0.08239503941854677 0.08189923229124736 0.081864607700598 0.08186215465354905 
-0.11124999999999996 0.08811978147158062 0.08129017089481151 0.08079552190950909 0.08076095533685833 0.08075851700120232 
-0.10999999999999999 0.08758372106444648 0.08073566429099588 0.08023817916497553 0.08020337337485198 0.08020093401500311 
-0.10875000000000001 0.08700054461288946 0.08020372006533982 0.07971000585711756 0.07967546888509108 0.07967304558236653 
-0.10749999999999993 0.08649082942944361 0.0797287710182895 0.07923533061556996 0.07920078289910855 0.0791983641750843 
-0.10624999999999996 0.08606718557996186 0.0792856756478451 0.07878980415113951 0.07875506584810806 0.07875264209281298 
-0.10499999999999998 0.08597409568569768 0.07922394524649476 0.07872907071155391 0.07869438962677933 0.07869196723580586 
-0.10375000000000001 0.08580728090976537 0.07910055728550598 0.07860911389175104 0.07857466075677866 0.07857225015009114 
-0.10250000000000004 0.08502028102734625 0.07831996710572693 0.07782745284752514 0.07779294112395778 0.07779051356609376 
-0.10124999999999995 0.08399507210558943 0.07730240260438304 0.07680914626626215 0.0767745998080313 0.07677215779802928 
-0.09999999999999998 0.08341894332928249 0.07676261812058767 0.07627053054413581 0.07623605305930484 0.07623361328879599 
-0.09875 0.08305699649271303 0.07643272591428796 0.07594273048721109 0.07590838594814339 0.0759059548071669 
-0.09750000000000003 0.08309831047849402 0.0764747553260215 0.07598433458252968 0.07594992916055199 0.07594749339199007 
-0.09624999999999995 0.08285165548281086 0.07624036389508553 0.07575025290215195 0.07571584870266194 0.07571341393841267 
-0.09499999999999997 0.08183954238234378 0.07525139390833874 0.07476161965068037 0.0747272155496708 0.07472479116168494 
-0.09375 0.081301373843185 0.07476296024861974 0.07427537257975061 0.07424109016311747 0.07423868402530598 
-0.09250000000000003 0.08093446252118391 0.07439861611275793 0.07391023612194939 0.07387587941693098 0.07387346657697785 
-0.09124999999999994 0.08017365352961864 0.0736519524829831 0.07316402270392439 0.07312968723614173 0.07312727856379213 
-0.08999999999999997 0.07971577690317681 0.07326615870890248 0.07278234438305597 0.07274827046437468 0.07274588948237462 
-0.08875 0.07948081110004014 0.07300815622038367 0.07252135285518457 0.07248704545853986 0.07248464456605931 
-0.08750000000000002 0.07858404473241207 0.07215109776194331 0.07166652223705038 0.07163236267564879 0.07162997502846898 
-0.08624999999999994 0.07850158841854506 0.07207485509414732 0.07158939746969911 0.07155514349299534 0.07155276134331563 
-0.08499999999999996 0.07830356532160723 0.07187344044590305 0.07138727224033621 0.07135295128680823 0.0713505743650422 
-0.08374999999999999 0.07770988433203367 0.0713402704171356 0.07085822958778931 0.07082417741429547 0.07082181894716491 
-0.08250000000000002 0.07699879360424171 0.07062869466727517 0.07014481322410268 0.0701106208515912 0.07010826037258752 
-0.08124999999999993 0.07618507030438273 0.06987727371380774 0.0693963416088803 0.06936232959323235 0.06935999029648152 
-0.07999999999999996 0.07552342351201705 0.06924954988986166 0.06877051812567486 0.06873662483303582 0.06873430168512307 
-0.07874999999999999 0.07484835418769269 0.06860883234144653 0.06813140798389909 0.06809760931437861 0.0680952962555063 
-0.07750000000000001 0.07441154332315553 0.06818883947823684 0.06771217375885488 0.06767841458460774 0.06767610101235241 
-0.07624999999999993 0.07390077692726986 0.06772425018539861 0.0672490680835864 0.06721540006800035 0.06721309254964118 
-0.07499999999999996 0.0734195029379202 0.06724454045808366 0.06676913076667818 0.06673542887227521 0.06673311684812892 
-0.07374999999999998 0.07296382278109195 0.06681305941669564 0.06633802878366524 0.06630433694938194 0.06630202603586793 
-0.07250000000000001 0.07221554075145288 0.06613104419501922 0.0656610755823231 0.06562770242590585 0.06562544914776822 
-0.07125000000000004 0.07134556101463782 0.065246600027937 0.06477428783095819 0.064740713193771 0.06473848631541394 
-0.06999999999999995 0.07149656112518932 0.06544723059428541 0.06497816689231738 0.06494481037702703 0.0649426106303617 
-0.06874999999999998 0.07210285594765975 0.06603239419736948 0.06556311298764406 0.0655297292876633 0.06552754027602498 
-0.0675 0.07059553856616571 0.06459084539830162 0.06412351613430607 0.06409029127260517 0.0640881252809749 
-0.06625000000000003 0.06873411389419314 0.06280139951674832 0.0623364240942717 0.062303375422740226 0.06230122639659403 
-0.06499999999999995 0.06864621155340277 0.06272257304388615 0.06225837701140231 0.062225378840628315 0.06222324296360678 
-0.06374999999999997 0.06851493715330745 0.06260315475970427 0.062139466431697044 0.062106506580407415 0.06210436460982798 
-0.0625 0.06751535394339186 0.06166536079232264 0.0612054480267165 0.06117273936197907 0.06117063597866769 
-0.06125000000000003 0.0670865358634591 0.06127139811149487 0.06081278528780276 0.06078018068615141 0.06077807792761804 
-0.05999999999999994 0.06660295748813291 0.06082569157275976 0.06036818464530101 0.06033563676796129 0.06033353789037956 
-0.05874999999999997 0.06560009503190112 0.059925082406294315 0.05947900767890121 0.05944705413597123 0.05944511292753826 
-0.057499999999999996 0.06504158727470798 0.059325478499351235 0.05887245847969448 0.05884018700809398 0.05883813704001434 
-0.05625000000000002 0.06419800048157175 0.05853112246642606 0.058081549250758716 0.058049439458716 0.0580474412483334 
-0.05499999999999994 0.06342171178939976 0.05779176998606276 0.057344649885037485 0.05731267573486381 0.05731070701318455 
-0.053749999999999964 0.06291229592871672 0.05731934667562658 0.05687405438484505 0.05684218425377792 0.056840235539509544 
-0.05249999999999999 0.0612787055851138 0.05580864819259908 0.05537026225034749 0.055338816333487716 0.0553369384505649 
-0.05125000000000002 0.06043613075659291 0.05497914943427671 0.05453999922217281 0.05450839230791184 0.05450658573776766 
-0.04999999999999993 0.06158818769078406 0.05610901409419089 0.05566995215177089 0.05563826974525536 0.0556364931691708 
-0.04874999999999996 0.06105713026465856 0.05563910299375483 0.05520538983015172 0.05517416555274604 0.05517237797860777 
-0.04749999999999999 0.06026953171252588 0.054903989863704004 0.054475465818278807 0.05444464453256088 0.054442813350925726 
-0.04625000000000001 0.05924889543097257 0.05391956611142181 0.05349334503544784 0.05346266277472372 0.053460871174304585 
-0.04499999999999993 0.05777329043221182 0.052488385559247834 0.05206315743922294 0.05203241115615461 0.05203071592821785 
-0.043749999999999956 0.057040989724377454 0.051798523601521325 0.051373717117424056 0.05134284834768446 0.05134127721533279 
-0.04249999999999998 0.05652682552411301 0.051331972566356694 0.05091112458967662 0.050880595383618214 0.05087898795236098 
-0.04125000000000001 0.05565302439202704 0.05051365403292246 0.05009610904738262 0.050065863714093974 0.050064223200669514 
-0.040000000000000036 0.05505596954305052 0.049957115973259976 0.04954205750722506 0.04951197821720056 0.049510340244528696 
-0.03874999999999995 0.05464912238783037 0.04958868320199377 0.04917696810571375 0.049147111555476575 0.04914547993495973 
-0.03749999999999998 0.0535155178508806 0.048531596298109485 0.048124595019739105 0.048095031395512015 0.04809343166788888 
-0.036250000000000004 0.052469585577387616 0.04753560293730307 0.04713232987850482 0.04710304111573209 0.047101432847109125 
-0.03500000000000003 0.05082992900767717 0.04597915590109903 0.04558032686582524 0.045551340678386294 0.045549743812137604 
-0.03374999999999995 0.05074932496810415 0.04592580236008457 0.04552966415787225 0.04550084700359184 0.04549925170197131 
-0.03249999999999997 0.05049484878176254 0.04569210212501126 0.04529738771570826 0.04526871652308859 0.04526710707178658 
-0.03125 0.04923433137617367 0.044513017521744275 0.04412386113065819 0.04409557605891613 0.044093973169176945 
-0.030000000000000027 0.04863243804496196 0.04395984435145155 0.04357421371336799 0.043546170141061706 0.043544573430730864 
-0.028749999999999942 0.04751496464973011 0.04291566907757532 0.042535149351216 0.04250749189096582 0.04250589711349811 
-0.02749999999999997 0.0466948477386006 0.042155004569157245 0.041779001135393366 0.04175166598865844 0.041750081550604924 
-0.026249999999999996 0.04575567883743129 0.04127732542613526 0.04090555370159348 0.04087851657789101 0.04087694583914061 
-0.025000000000000022 0.04465356971277516 0.04024272613005882 0.03987560989091573 0.039848889830556976 0.039847341576548054 
-0.023749999999999938 0.04376904168316891 0.03942138946820856 0.03905939755712418 0.03903303183588629 0.03903150870130292 
-0.022499999999999964 0.042920854713443556 0.03863340717955299 0.03827556675326812 0.03824950134255211 0.03824798941270624 
-0.02124999999999999 0.04215895668873382 0.03792946161944341 0.037577128820033154 0.03755146157535521 0.037549969511444396 
-0.020000000000000018 0.040682280640739775 0.03654393355674517 0.036198170535399546 0.03617296195012488 0.03617149626854096 
-0.018749999999999933 0.03894800719840515 0.03491184088662619 0.034573175641263484 0.03454848481149095 0.03454705155408612 
-0.01749999999999996 0.03716061868427686 0.033224703359012384 0.03289273412314765 0.03286847357478612 0.0328670707478892 
-0.016249999999999987 0.03641148225795166 0.03253597025355347 0.03221033517174082 0.032186709095667974 0.032185346884055666 
-0.015000000000000013 0.03549626613195551 0.0317026930110445 0.03138657695757846 0.03136344975683644 0.03136211532844743 
-0.013749999999999929 0.034824244558157906 0.031103404433836915 0.030792360617986597 0.0307696224303826 0.030768308570869308 
-0.012499999999999956 0.03408004145863583 0.030436399679985886 0.030131933675938225 0.030109671939015554 0.03010837984022657 
-0.011249999999999982 0.032548098122953124 0.02899759577642431 0.028701434427689927 0.028679771588061724 0.02867851258251198 
-0.010000000000000009 0.030846144636848326 0.027402750643098214 0.02711471173369125 0.027093644584562065 0.02709240896319095 
-0.008749999999999925 0.02947423609941611 0.026111074978222546 0.025830375574459555 0.025809855645671086 0.025808633297299644 
-0.007499999999999951 0.027996620343045935 0.02472620388611728 0.02445566736239009 0.024435917358080598 0.02443472940697341 
-0.006249999999999978 0.02647061011331549 0.02330021911979488 0.02303836875279592 0.02301925547301691 0.023018098073354098 
-0.0050000000000000044 0.025099095493396423 0.022023780742998652 0.02177072448669556 0.021752248761664154 0.021751125223672018 
-0.003750000000000031 0.023309125621445475 0.020288284641866102 0.020041416189447533 0.020023434748214965 0.020022321980615394 
-0.0024999999999999467 0.02309448843757526 0.019994401085634248 0.019744549050487312 0.019726378351719583 0.01972523732146345 
-0.0012499999999999734 0.02198252224875741 0.019028368475014327 0.01879724322293417 0.018780435748878322 0.018779394778396023 
0.0 0.020483167272618244 0.015955490030566535 0.015606123785236901 0.015580824742960261 0.015579232376628172 
0.0012499999999999734 0 0 0 0 0 
0.0024999999999999467 0 0 0 0 0 
0.00374999999999992 0 0 0 0 0 
0.0050000000000001155 0 0 0 0 0 
0.006250000000000089 0 0 0 0 0 
0.007500000000000062 0 0 0 0 0 
0.008750000000000036 0 0 0 0 0 
0.010000000000000009 0 0 0 0 0 
0.011249999999999982 0 0 0 0 0 
0.012499999999999956 0 0 0 0 0 
0.013749999999999929 0 0 0 0 0 
0.015000000000000124 0 0 0 0 0 
0.016250000000000098 0 0 0 0 0 
0.01750000000000007 0 0 0 0 0 
0.018750000000000044 0 0 0 0 0 
0.020000000000000018 0 0 0 0 0 
0.02124999999999999 0 0 0 0 0 
0.022499999999999964 0 0 0 0 0 
0.023749999999999938 0 0 0 0 0 
0.02499999999999991 0 0 0 0 0 
0.026250000000000107 0 0 0 0 0 
0.02750000000000008 0 0 0 0 0 
0.028750000000000053 0 0 0 0 0 
0.030000000000000027 0 0 0 0 0 
0.03125 0 0 0 0 0 
0.03249999999999997 0 0 0 0 0 
0.03374999999999995 0 0 0 0 0 
0.03499999999999992 0 0 0 0 0 
0.036250000000000115 0 6.73253923545445e-07 1.0390922618916613e-06 1.0700026360494455e-06 1.071530281991485e-06 
0.03750000000000009 1.7423611382651075e-05 1.8612744032945003e-05 1.8630490204175994e-05 1.863605423333012e-05 1.8636051127482347e-05 
0.03875000000000006 1.5385837011719398e-05 1.6643526599140985e-05 1.6664944320407753e-05 1.667073414461856e-05 1.667075341873904e-05 
0.040000000000000036 1.3072744385093231e-05 1.4447416889087646e-05 1.4475433868201985e-05 1.4481675261947799e-05 1.4481730540568849e-05 
0.04125000000000001 1.0844372564267238e-05 1.2477001541945919e-05 1.2522534907057028e-05 1.2529995573263838e-05 1.2530132244775965e-05 
0.04249999999999998 1.0382568686251139e-05 1.2079294806584612e-05 1.2131367363461062e-05 1.2139207537109399e-05 1.2139372010261726e-05 
0.043749999999999956 7.324729112323391e-06 9.654170065061791e-06 9.753977082237252e-06 9.765221049561975e-06 9.76559340154357e-06 
0.04499999999999993 3.8830468865105686e-06 6.922397734074279e-06 7.074491799151933e-06 7.089462693534209e-06 7.090064612510694e-06 
0.046250000000000124 0 3.4547937336498496e-06 3.6699226555659945e-06 3.6893788154910908e-06 3.6902613652782084e-06 
0.0475000000000001 2.1949302023021604e-06 5.925392659198513e-06 6.131883555875544e-06 6.150582364124726e-06 6.151422940750077e-06 
0.04875000000000007 1.4651875782112852e-05 1.6297671013508538e-05 1.6366100605992926e-05 1.6374643607107682e-05 1.6374866586756096e-05 
0.050000000000000044 3.417244427676873e-05 3.2324756275295505e-05 3.215756093494356e-05 3.214887174992167e-05 3.214804482139303e-05 
0.05125000000000002 3.421536546101964e-05 3.2512304692979184e-05 3.235711784251923e-05 3.2349210121257285e-05 3.234843691143263e-05 
0.05249999999999999 3.6303221140165405e-05 3.4133183852184595e-05 3.3943699430506266e-05 3.3933228444984204e-05 3.393230834364179e-05 
0.053749999999999964 3.929448853575489e-05 3.645567347693755e-05 3.621685474578682e-05 3.62027297731199e-05 3.620159795182474e-05 
0.05499999999999994 3.876960722953757e-05 3.596128855937028e-05 3.572099572750445e-05 3.5706704971838216e-05 3.5705575614206776e-05 
0.05624999999999991 3.781393960017285e-05 3.5109403199479235e-05 3.4874216244877885e-05 3.486021821848989e-05 3.4859119574381985e-05 
0.05750000000000011 3.687182797048278e-05 3.4265576305003514e-05 3.403530816395724e-05 3.4021587265648496e-05 3.402051847475405e-05 
0.05875000000000008 3.605893744852311e-05 3.352579458124837e-05 3.329870342922188e-05 3.328513588584992e-05 3.328408922627462e-05 
0.06000000000000005 3.522251669669721e-05 3.2834002583290655e-05 3.261754381505313e-05 3.260467537900915e-05 3.260367872873715e-05 
0.06125000000000003 3.649861402646572e-05 3.392814529361351e-05 3.370207343265615e-05 3.368843451731321e-05 3.3687393792033044e-05 
0.0625 3.91188045009492e-05 3.614093437489978e-05 3.589048713722579e-05 3.587500669495217e-05 3.587385499385221e-05 
0.06374999999999997 4.2006931885973035e-05 3.8552060358464394e-05 3.827246110524032e-05 3.825479767436306e-05 3.825351358615855e-05 
0.06499999999999995 4.574161719694206e-05 4.156630342649048e-05 4.124100924690012e-05 4.1219978031198766e-05 4.121848730049332e-05 
0.06624999999999992 4.63784377205805e-05 4.212649817939635e-05 4.179832676707225e-05 4.177703289987171e-05 4.17755276589556e-05 
0.06750000000000012 4.679841694041768e-05 4.251857936924434e-05 4.219058846622356e-05 4.216925580030814e-05 4.2167749807791503e-05 
0.06875000000000009 4.462065723297836e-05 4.071014169426461e-05 4.0407551757180514e-05 4.0388023792405776e-05 4.038663262646881e-05 
0.07000000000000006 4.196351163964215e-05 3.849333308050669e-05 3.8220623906127116e-05 3.820322947668089e-05 3.8201973684928816e-05 
0.07125000000000004 3.936960212181221e-05 3.6326931328665234e-05 3.608323572574321e-05 3.606791340180776e-05 3.606678905597971e-05 
0.07250000000000001 3.683945537112728e-05 3.421142506991959e-05 3.399587318025463e-05 3.398256133603613e-05 3.3981564495242005e-05 
0.07374999999999998 3.437417753188868e-05 3.214783933763136e-05 3.1959555619400197e-05 3.194819221161821e-05 3.1947318908062844e-05 
0.07499999999999996 3.194935002658055e-05 3.0088449224442622e-05 2.9924362250853863e-05 2.991474564753492e-05 2.9913982497502693e-05 
0.07624999999999993 2.890971153663381e-05 2.743867312563698e-05 2.7301423142164802e-05 2.7293826003157296e-05 2.7293179293219334e-05 
0.07750000000000012 2.7115614342405097e-05 2.5967304677119807e-05 2.5853201388495745e-05 2.5847242717683485e-05 2.584669879826256e-05 
0.0787500000000001 2.5448187145479534e-05 2.4605156732543464e-05 2.451296863729785e-05 2.4508555705052195e-05 2.4508109305088482e-05 
0.08000000000000007 2.385516489515103e-05 2.330338663423877e-05 2.32321319707688e-05 2.3229194941267736e-05 2.322884167283742e-05 
0.08125000000000004 2.5835886639624346e-05 2.501868903127653e-05 2.49315829338887e-05 2.4927434928082034e-05 2.4927007881296426e-05 
0.08250000000000002 2.926078076291355e-05 2.7957481775455112e-05 2.7839982202377803e-05 2.783355873018e-05 2.7832991792786858e-05 
0.08374999999999999 3.481732663779663e-05 3.264166658374928e-05 3.246686759457314e-05 3.2456213154391804e-05 3.2455386577784805e-05 
0.08499999999999996 3.962615449158741e-05 3.666671522413547e-05 3.643979850446332e-05 3.642530357304992e-05 3.642424197699177e-05 
0.08624999999999994 4.407376408597573e-05 4.037182647259282e-05 4.0095137997132684e-05 4.0076982819640607e-05 4.007569748524062e-05 
0.08750000000000013 4.692918435527814e-05 4.2748974090289215e-05 4.244021695955276e-05 4.2419693922316115e-05 4.2418264736382304e-05 
0.0887500000000001 4.680355330560125e-05 4.2643440389726874e-05 4.233619425453875e-05 4.2315750393834795e-05 4.231432859982259e-05 
0.09000000000000008 4.672696367518569e-05 4.257817190658935e-05 4.2271820927858544e-05 4.225141244341238e-05 4.22499952762549e-05 
0.09125000000000005 4.6699404742667775e-05 4.255309152367842e-05 4.2247013637366895e-05 4.222659631591852e-05 4.222518098397585e-05 
0.09250000000000003 4.6720843164554865e-05 4.256802856211674e-05 4.22615888235971e-05 4.224111759765965e-05 4.2239701254341576e-05 
0.09375 4.679130566196521e-05 4.262321728067435e-05 4.231580020017178e-05 4.229523129315646e-05 4.2293811174941504e-05 
0.09499999999999997 4.6910792234898875e-05 4.2718657679351246e-05 4.240964776709095e-05 4.2388937402408776e-05 4.2387510745775675e-05 
0.09624999999999995 4.7079302883355753e-05 4.285434975814747e-05 4.254313152435455e-05 4.2522235925416726e-05 4.252079996684407e-05 
0.09749999999999992 4.729683760733593e-05 4.3030293517062976e-05 4.271625147196261e-05 4.269512686218019e-05 4.269367883814665e-05 
0.09875000000000012 4.7442935663352174e-05 4.3147443069554053e-05 4.2831468084480095e-05 4.281018000160279e-05 4.280872385994495e-05 
