pnt cod0 cod1 cod2 cod3 cod4 
-0.22 1.7617970998002423e-09 3.190945289294432e-10 3.2270168181901067e-10 3.223718311311989e-10 3.225544815101998e-10 
-0.21974999999999997 2.1294310391781057e-09 6.26974648725921e-10 6.318157400234188e-10 6.313045952269084e-10 6.315638828165973e-10 
-0.21948584905660376 2.5303076495941697e-09 9.630338476026504e-10 9.69221030638853e-10 9.68512043568995e-10 9.68854953297019e-10 
-0.21920754716981133 2.966480120496892e-09 1.329047669089769e-09 1.3367000837981153e-09 1.335775668196578e-09 1.3362096221051265e-09 
-0.2189150943396226 2.404318549815121e-09 8.030687467055722e-10 8.087490731731606e-10 8.08126227878492e-10 8.084344620784349e-10 
-0.21860849056603773 1.0026064867192038e-09 -4.621078737176922e-10 -4.612839686464206e-10 -4.611745822884211e-10 -4.611728547590569e-10 
-0.2182877358490566 -3.4023577078023426e-09 -4.408394825230097e-09 -4.422789519703232e-09 -4.420391154195141e-09 -4.421349137619773e-09 
-0.21795283018867923 -7.63132579970409e-09 -8.201304804717702e-09 -8.230297713827089e-09 -8.22570114369995e-09 -8.227580734877617e-09 
-0.21760377358490565 -1.0029032329733433e-08 -1.0359753096643424e-08 -1.0397029152462228e-08 -1.0391183479420467e-08 -1.0393586491959653e-08 
-0.21724056603773587 -1.0698740356809279e-08 -1.098646247562689e-08 -1.1026078553036143e-08 -1.1019874792206374e-08 -1.1022427094051099e-08 
-0.21686320754716978 -1.1303723432519659e-08 -1.1558638960750209e-08 -1.1600375704787967e-08 -1.1593846067341689e-08 -1.1596534058534556e-08 
-0.21647169811320754 -1.1884462107822049e-08 -1.2112178697407633e-08 -1.215595525335871e-08 -1.2149111121150658e-08 -1.2151929958622799e-08 
-0.21606603773584906 -1.2332101903075703e-08 -1.2550954192332725e-08 -1.2596316556705713e-08 -1.258922518178078e-08 -1.2592146569278608e-08 
-0.21564622641509432 -1.2651468180239683e-08 -1.2878933511697152e-08 -1.292544600200444e-08 -1.291817211472514e-08 -1.292116883845031e-08 
-0.21521226415094338 -1.2884776670461098e-08 -1.3131951017036297e-08 -1.3179326888861153e-08 -1.3171913566106985e-08 -1.3174967690130294e-08 
-0.21476415094339624 -1.290145880176986e-08 -1.3201584766194776e-08 -1.3249090783529634e-08 -1.3241646081464026e-08 -1.3244712021847027e-08 
-0.2143018867924528 -1.714821824881872e-08 -1.7042667275747548e-08 -1.71048955208063e-08 -1.709522907659485e-08 -1.709922581608228e-08 
-0.2138254716981132 -2.1818328500314833e-08 -2.1261179188755606e-08 -2.1339557707708527e-08 -2.1327452831415163e-08 -2.133247116246243e-08 
-0.21333490566037736 -2.4896232322648622e-08 -2.4052745235795717e-08 -2.4141792994083302e-08 -2.4128074815312334e-08 -2.413376889222118e-08 
-0.21283018867924525 -3.4173186976464244e-08 -3.236648703753593e-08 -3.248754125817438e-08 -3.246900447836893e-08 -3.247671930233366e-08 
-0.21231132075471698 -4.199348899230108e-08 -3.9395078901868273e-08 -3.9543226750239804e-08 -3.9520606018252105e-08 -3.953003291469514e-08 
-0.21177830188679247 -4.5109129680600445e-08 -4.220526692629826e-08 -4.236435827125029e-08 -4.234008677098715e-08 -4.235020548206653e-08 
-0.21123113207547167 -4.705216091341034e-08 -4.3989506358614626e-08 -4.415550989257189e-08 -4.4130188028632585e-08 -4.4140746052443135e-08 
-0.2106698113207547 -5.465611237137299e-08 -5.0784804884163786e-08 -5.097707661836624e-08 -5.0947805661507104e-08 -5.0960020870883344e-08 
-0.2100943396226415 -7.38115037783009e-08 -6.776073398327906e-08 -6.801900082035678e-08 -6.797984515941045e-08 -6.79962116035357e-08 
-0.20950471698113204 -7.799459399825882e-08 -7.15485748983062e-08 -7.182114283921936e-08 -7.177982773450153e-08 -7.179709944553567e-08 
-0.20890094339622642 -8.118210053711037e-08 -7.447777920534143e-08 -7.476122558648242e-08 -7.471826071660329e-08 -7.473622309369438e-08 
-0.20828301886792455 -8.46720624670133e-08 -7.767429042180734e-08 -7.797013176854924e-08 -7.792528687968426e-08 -7.794403637309553e-08 
-0.2076509433962264 -1.347548095513851e-07 -1.2209134974383334e-07 -1.2255665022661006e-07 -1.2248643573903e-07 -1.22515845910167e-07 
-0.20700471698113207 -1.4969385907095424e-07 -1.353416638179139e-07 -1.3586152687632637e-07 -1.357831132292104e-07 -1.3581596523229827e-07 
-0.20634433962264154 -1.8672315389220323e-07 -1.6892496696569733e-07 -1.6955588429431773e-07 -1.694607808386604e-07 -1.695006392568444e-07 
-0.20566981132075468 -2.2099793644695786e-07 -2.0203416390537266e-07 -2.0272189938276745e-07 -2.0261811462314828e-07 -2.0266160035771374e-07 
-0.2049811320754717 -7.740224785351916e-07 -7.281817018460671e-07 -7.298501062549199e-07 -7.295979693544355e-07 -7.297036159314223e-07 
-0.20427830188679247 -1.5509419911548355e-06 -1.4859616785572123e-06 -1.4885922994884193e-06 -1.4881927338667104e-06 -1.4883599090866345e-06 
-0.20356132075471695 -1.754309546414518e-05 -1.704463356169632e-05 -1.7067445534698776e-05 -1.7063962015116354e-05 -1.7065417144547993e-05 
-0.2028301886792453 -1.960963279653008e-05 -1.9098106441207582e-05 -1.9123212938216962e-05 -1.9119368405506508e-05 -1.912097283704072e-05 
-0.20208490566037737 -0.00020518628099427686 -0.00020021820173791617 -0.00020046928047925502 -0.00020043079181650711 -0.00020044684645710684 
-0.20132547169811318 -0.0014066947166060518 -0.0013737493252642984 -0.0013754503634277999 -0.0013751893953767667 -0.001375298200887146 
-0.20055188679245284 -0.006182169906424561 -0.00605093952055672 -0.006058365987329685 -0.006057222817874394 -0.00605769867079657 
-0.19976415094339622 0.0025170789581261126 0.0023801695655473014 0.0023833782779317165 0.0023829082999429732 0.002383107492961677 
-0.19896226415094337 0.004050838046954104 0.003839571559161367 0.003844715376806006 0.0038439596993501725 0.003844279432382693 
-0.19814622641509433 0.00497713840030611 0.004719006969665972 0.004725321010536704 0.0047243930447324264 0.004724785251165829 
-0.19731603773584908 0.00571305910966486 0.00541697198920739 0.005424216070287709 0.0054231513330655675 0.005423601156898009 
-0.19647169811320753 0.006324031272834592 0.0059955494901808995 0.006003566838892963 0.006002388678873154 0.006002886390526028 
-0.19561320754716982 0.006920260503982703 0.006561359618427017 0.0065701284827862656 0.006568839813094721 0.0065693842447735115 
-0.19474056603773587 0.007483059416064831 0.007095729451962526 0.007105206806981762 0.007103813906020029 0.007104402384779495 
-0.19385377358490563 0.007998298326031097 0.007584687192263391 0.007594813213519287 0.007593324958940971 0.00759395365934805 
-0.19295283018867926 0.008481745712471327 0.008043399510105045 0.008054133508432678 0.008052555906755778 0.008053222152511936 
-0.19203773584905662 0.00895387629924228 0.008491791094062204 0.008503117635511011 0.008501452771504573 0.008502155545520047 
-0.19110849056603774 0.009408153648688099 0.008923338238566733 0.008935234387118096 0.008933485490726185 0.008934223421949805 
-0.19016509433962264 0.009846933229864937 0.00934028293872508 0.00935272831588897 0.009350898228107977 0.00935167017655004 
-0.18920754716981136 0.010267712574192485 0.009740127492935543 0.009753098949245798 0.009751191020555272 0.009751995597462666 
-0.18823584905660376 0.010669243989899371 0.010121637634571698 0.010135110630713989 0.0101331284963582 0.010133964129093884 
-0.18725 0.011055401502573106 0.01048853905183671 0.010502493976522871 0.010500440555133026 0.010501306007410343 
-0.18625000000000003 0.01145858230481871 0.010872363838366124 0.010886820317158078 0.010884692424197779 0.010885589060944553 
-0.18523584905660376 0.011842665567907487 0.011237909504329645 0.011252843421008124 0.01125064457106735 0.011251570853314042 
-0.18420754716981133 0.012184732714203155 0.011562760315924622 0.011578119835987265 0.011575857884931748 0.011576810417785499 
-0.18316509433962266 0.012558198004765035 0.011918517254810386 0.011934339387450107 0.011932008630423629 0.011932989814675525 
-0.18210849056603773 0.012917694454520165 0.012260859095961632 0.012277126216247509 0.012274729370732332 0.012275738109441926 
-0.1810377358490566 0.013247325631611373 0.012574350937409733 0.012591026178859946 0.012588568835920884 0.012589602839945683 
-0.17995283018867927 0.013583936602224008 0.012894939212483466 0.012912030176932614 0.0129095110244134 0.012910570904140762 
-0.17885377358490567 0.013916770080090091 0.013212064265032531 0.013229565817197657 0.01322698541169382 0.013228071026955524 
-0.17774056603773586 0.014242540211972545 0.01352252837844641 0.013540431382412886 0.013537790938533644 0.01353890179693888 
-0.1766132075471698 0.014581271358671563 0.01384586194573988 0.013864181260766342 0.01386147841538149 0.013862615519890946 
-0.17547169811320754 0.014894290987909438 0.014144272453563006 0.014162976395044881 0.014160216059976543 0.014161377475782264 
-0.17431603773584908 0.015208241004914677 0.01444382444575922 0.014462913346758689 0.014460095425578887 0.01446128118634384 
-0.17314622641509433 0.015516056424728723 0.0147375763400918 0.014757042156166335 0.014754167820548038 0.014755377361371115 
-0.1719622641509434 0.015812299653585934 0.015020258116943295 0.015040086165835818 0.015037157542622626 0.015038389982131986 
-0.17076415094339623 0.016122180885293467 0.015316403853461846 0.01533661004092611 0.015333624561518292 0.015334881018575471 
-0.16955188679245284 0.01643295078203929 0.015613678751393597 0.015634263561429416 0.01563122100101672 0.015632501617008666 
-0.16832547169811318 0.016700869304598274 0.015869179204565095 0.015890090676760872 0.015886998970457585 0.015888300444594928 
-0.16708490566037737 0.016985610921557207 0.016141337719901862 0.016162595399282557 0.016159451560906184 0.01616077509767631 
-0.1658301886792453 0.017266803469382735 0.016410248171164887 0.01643184717893024 0.016428651958769767 0.016429997208875745 
-0.16456132075471697 0.017574792489571348 0.016705639709325308 0.016727611536274223 0.016724359928241485 0.016725729013525068 
-0.16327830188679246 0.01785024932654642 0.016969252212298187 0.016991557486812865 0.016988255495966047 0.016989645952242772 
-0.1619811320754717 0.018109217653398943 0.01721697111676673 0.017239589431545996 0.017236240084860553 0.017237650673273566 
-0.1606698113207547 0.018380860306539498 0.017477312883244136 0.017500258889070003 0.017496859793716447 0.01749829154405202 
-0.15934433962264152 0.018648983406854485 0.017734365169105294 0.01775763420188674 0.017754186074889943 0.017755638734889338 
-0.15800471698113208 0.018912185712385624 0.01798680056311812 0.01801038606622116 0.01800688993335088 0.018008363040218463 
-0.1566509433962264 0.019170308486965795 0.018234458499161756 0.0182583538981981 0.01825481071265461 0.018256303824756785 
-0.15528301886792453 0.019437065842056796 0.018490816721791585 0.01851503176666004 0.018511439852406143 0.01851295366394149 
-0.15390094339622643 0.01969274646255131 0.018736437231973376 0.018760958327725594 0.018757319717800376 0.018758853377239065 
-0.15250471698113208 0.01993338923210576 0.018967504304644594 0.01899231295210902 0.018988630507911455 0.018990182820222825 
-0.15109433962264152 0.02019850502727524 0.019222893422155964 0.019248018117635268 0.01924428735147062 0.01924586017721236 
-0.14966981132075471 0.020443757649415372 0.019458854843945925 0.019484271634372847 0.01948049624476634 0.019482088006902338 
-0.1482311320754717 0.020677427647127915 0.01968364920816719 0.019709343783680878 0.019705525863028713 0.01970713564487189 
-0.14677830188679247 0.020929149819126466 0.019926502499593227 0.019952495716052017 0.019948631885957715 0.019950261060389652 
-0.14531132075471698 0.021173734263320466 0.020162448679424627 0.020188731680097043 0.02018482328792909 0.020186471276184906 
-0.14383018867924527 0.02139858900762588 0.020379216559853024 0.02040576536012345 0.020401816079998657 0.020403481341889233 
-0.14233490566037738 0.02164465211602985 0.020617096120303012 0.020643935415682338 0.020639941308056096 0.020641625464730282 
-0.1408254716981132 0.021864144114602416 0.020828997070932546 0.020856094844788512 0.02085206082647917 0.020853761824696625 
-0.1393018867924528 0.022100366140418767 0.02105759882868827 0.02108497438668307 0.02108089732557526 0.021082616456853723 
-0.13776415094339622 0.02230940362299311 0.021259656244993902 0.02128727681179819 0.02128316173487172 0.021284896859897515 
-0.1362122641509434 0.0225437451884242 0.021486992637634247 0.021514887520172683 0.021510729770650237 0.021512482833961927 
-0.13464622641509433 0.022755539719242362 0.021692183891982846 0.021720326258290252 0.021716129926801008 0.021717899237236205 
-0.13306603773584907 0.022981200849426914 0.02191140342918931 0.021939809050580832 0.02193557153331108 0.02193735813720377 
-0.13147169811320755 0.02319061665466774 0.022114764364385826 0.02214341356859946 0.02213913791225697 0.022140940511506287 
-0.12986320754716982 0.02341140603769767 0.022329642875417118 0.02235854854070072 0.02235423268005536 0.022356052089948383 
-0.12824056603773587 0.023598678109529016 0.022511397465539203 0.022540519888551148 0.02253617007538381 0.02253800368590669 
-0.12660377358490565 0.0238026211685816 0.0227101533483911 0.022739511418219813 0.022735124513232664 0.022736973599613436 
-0.12495283018867924 0.024021412216588833 0.022923913753968652 0.022953524357676787 0.022949097581766418 0.022950963261936574 
-0.12328773584905661 0.024217892947049645 0.023115604322702304 0.02314544114979675 0.02314097859680485 0.02314285915994374 
-0.12160849056603774 0.024418381948388378 0.023311686297733693 0.02334175339148703 0.023337254240248278 0.023339150034814935 
-0.11991509433962264 0.024605671198437037 0.023494789220864874 0.023525070706208493 0.02352053745865961 0.023522447492719933 
-0.11820754716981133 0.02480846974234406 0.023693747444788384 0.023724260823106493 0.023719690637315178 0.023721616054409304 
-0.11648584905660378 0.024991262571353794 0.023872954255986064 0.023903675974354437 0.023899072535331696 0.023901011781072425 
-0.11474999999999999 0.025180822033155064 0.024059292480231937 0.02409022976941892 0.024085591793874282 0.024087545391466583 
-0.11300000000000002 0.025363474528066348 0.024238986703906108 0.024270131106838105 0.024265459837370527 0.024267427262969293 
-0.11123584905660377 0.02556043499873995 0.024433356294733508 0.024464723864198727 0.024460016661505577 0.024461999035110347 
-0.10945754716981132 0.02572423688409853 0.024594758923755376 0.024626310867572228 0.024621573881286187 0.024623568617754304 
-0.10766509433962265 0.02590094117582595 0.024769499233765035 0.024801249931284547 0.024796480759304913 0.024798488828314418 
-0.10585849056603774 0.02607878743325026 0.02494570528596369 0.024977655552058702 0.0249728539381968 0.024974875526000254 
-0.1040377358490566 0.02624385726395663 0.025109415470161753 0.025141550082265453 0.025136718368078157 0.025138752508144017 
-0.10220283018867925 0.026417774661823778 0.02528244655362421 0.02531477514739682 0.025309911681353655 0.025311959043091095 
-0.10035377358490567 0.026578265181913568 0.025442171857559703 0.025474678677379747 0.025469785909149723 0.025471845497449845 
-0.09849056603773584 0.026740037805788215 0.025603605046068713 0.025636291064823635 0.025631368708502047 0.02563344058423259 
-0.09661320754716982 0.026898949659536025 0.02576257867528457 0.025795440114952103 0.025790488636222794 0.02579257256199458 
-0.09472169811320755 0.02705800353024311 0.02592213290376592 0.025955169511667563 0.02595018876545004 0.025952284815620705 
-0.09281603773584905 0.027207448110205913 0.026072157144298447 0.026105357613733258 0.026100349504708176 0.026102456849873886 
-0.09089622641509434 0.027369588090524765 0.026235744259142824 0.026269122282713435 0.026264084491043525 0.026266204090661008 
-0.08896226415094341 0.027508532874405914 0.02637591884863514 0.02640944775972335 0.026404384531276307 0.026406514696498573 
-0.08701415094339622 0.027658981917378526 0.026528436518153762 0.02656212878025273 0.026557037937178903 0.02655917950035397 
-0.08505188679245283 0.027796914307420678 0.02666853144499513 0.02670237248856281 0.02669725632742637 0.026699408353660668 
-0.08307547169811322 0.02793187331743713 0.026806124046750736 0.026840110111979426 0.026834969154117844 0.02683713133089993 
-0.08108490566037736 0.028083402091974706 0.026961298781891213 0.026995447891044185 0.026990279030853173 0.026992452597640253 
-0.0790801886792453 0.028205843439371 0.02708695247460495 0.027121231424194057 0.027116039957994522 0.027118222827901144 
-0.07706132075471699 0.028342312313407704 0.027227568646162718 0.027261992765559625 0.027256775970955355 0.02725896920465664 
-0.07502830188679245 0.0284648812317632 0.027354361580248104 0.02738891475120241 0.027383675363012252 0.027385877814443915 
-0.0729811320754717 0.028592454659606217 0.027487013556394227 0.027521700756178904 0.027516437758098963 0.02751864989781989 
-0.07091981132075473 0.028709728342219434 0.027609328114914986 0.027644137540609126 0.027638852826183686 0.027641073810376785 
-0.06884433962264151 0.0288232511605308 0.02772842990817256 0.027763356743223614 0.02775805100334844 0.027760280517434816 
-0.06675471698113208 0.028943813023653984 0.027855783290257976 0.027890834708228576 0.027885506562922956 0.027887745141021922 
-0.06465094339622643 0.029059664707288914 0.027978689828748585 0.028013860257592164 0.028008510480980332 0.028010757789063558 
-0.06253301886792453 0.02916430546638979 0.028090452467392526 0.02812572903159945 0.028120359687831047 0.028122614903846967 
-0.06040094339622642 0.029278279024008 0.028213073400882915 0.02824846551662418 0.028243074891164975 0.028245338638757337 
-0.05825471698113208 0.029369090450764045 0.028311348812427157 0.028346831069624816 0.028341423499251835 0.028343694015611046 
-0.05609433962264151 0.029474030988249342 0.028425863649105394 0.028461450458618125 0.028456023180347942 0.028458301509330815 
-0.05391981132075472 0.02956578384173502 0.02852674006861419 0.028562416865548914 0.028556972377958238 0.028559257463454387 
-0.0517311320754717 0.029655477464364883 0.02862666414862087 0.02866242772980847 0.028656966287731896 0.028659258019542416 
-0.049528301886792456 0.029744149549961386 0.028725910810922604 0.028761759929438205 0.028756281626410567 0.028758580008334672 
-0.04731132075471699 0.02983327404598018 0.028826937293172136 0.028862871522383537 0.02885737624408828 0.028859681296544072 
-0.045080188679245285 0.02991189652959417 0.028917235655682008 0.028953243407684896 0.02894773308139336 0.028950043988745306 
-0.042834905660377356 0.029991935009071966 0.029010265753496356 0.029046347650723066 0.029040821864954137 0.029043138862004478 
-0.040575471698113215 0.03006613409376854 0.029097841768841427 0.029133991016658686 0.02912845089653221 0.029130773500223646 
-0.03830188679245283 0.030137516266438902 0.02918348863387972 0.029219701538797962 0.02921414756505857 0.02921647549101345 
-0.036014150943396224 0.030201950363448325 0.02926260412708008 0.02929887275178888 0.02929330615422341 0.029295638923672422 
-0.0337122641509434 0.03026848411942789 0.02934546195017937 0.02938178756395326 0.02937620784500574 0.029378545671150745 
-0.03139622641509434 0.030323619276432737 0.029416293666163787 0.02945266422208046 0.029447073536191085 0.029449415478469673 
-0.029066037735849058 0.03038058476215875 0.029491084193292716 0.029527500354452955 0.029521898212720617 0.02952424443836192 
-0.02672169811320755 0.030431537254145578 0.029560285957408103 0.029596741030526178 0.029591128496084203 0.029593478571182094 
-0.024363207547169814 0.030475878417855082 0.02962324277591723 0.02965972941878306 0.02965410769699762 0.02965646114498569 
-0.02199056603773585 0.03051961946870423 0.029687196313781163 0.02972371296651127 0.02971808208204491 0.029720438846796742 
-0.019603773584905664 0.030558198231445066 0.029747157906001322 0.029783698282386285 0.029778059089683062 0.029780418822213425 
-0.017202830188679248 0.03059269950232931 0.029804323953361925 0.02984088296728992 0.029835236108209096 0.029837598568332548 
-0.014787735849056604 0.030621454853030146 0.02985578839352395 0.029892360244567335 0.02988670674216691 0.02988907148984796 
-0.012358490566037737 0.030647172578106435 0.029906539768738492 0.0299431198149978 0.029937460106838395 0.029939826877186382 
-0.009915094339622642 0.030669386152202046 0.029955228781669112 0.029991812669925944 0.029986147304802313 0.02998851583193774 
-0.0074575471698113205 0.0306857490089815 0.029998450000509436 0.03003503178022123 0.030029361805434498 0.030031731688152055 
-0.004985849056603774 0.03069554878099342 0.030037411155572687 0.03007398245682103 0.03006830898427342 0.030070679693882656 
-0.0025 0.030704276065000757 0.03007633201083946 0.030112891902442835 0.03010721504579929 0.030109586513409684 
0.0 0.030704966050947146 0.03010843455375364 0.030144974155831877 0.030139295279518336 0.0301416669070391 
0.0025 0.03070279072071606 0.030140090348018116 0.030176605618419946 0.030170925057054907 0.03017329668118229 
0.004985849056603774 0.030696146535117964 0.03016807010364652 0.03020455659747575 0.030198875115203295 0.030201246398392004 
0.0074575471698113205 0.03068308052460731 0.03019243520087097 0.030228884509426818 0.030223203102933634 0.030225573543359013 
0.009915094339622642 0.030666191952213148 0.030214079938449174 0.03025048801594915 0.03024480725978876 0.030247176605787223 
0.012358490566037737 0.03064469273812309 0.030232283716255543 0.03026864557002575 0.03026296621214619 0.030265334127852078 
0.014787735849056604 0.030619436844512758 0.030248748715603863 0.03028505936553253 0.030279381985148294 0.03028174819166282 
0.017202830188679248 0.030589031994875622 0.030261992099357503 0.030298244884655812 0.030292570285922638 0.0302949344333746 
0.019603773584905664 0.0305550916093141 0.030272663075875977 0.03030885391487962 0.030303182604116755 0.030305544457158443 
0.02199056603773585 0.03051528743819808 0.030280421604152178 0.030316541665987146 0.0303108745488672 0.030313233663093235 
0.024363207547169814 0.030473742650980108 0.03028676605741771 0.030322813260817413 0.030317150600272333 0.03031950687576556 
0.02672169811320755 0.03042548080444532 0.030289277600873354 0.030325241590006168 0.030319584401037887 0.030321937354767917 
0.029066037735849058 0.030376541203892955 0.0302910704825995 0.030326949940661086 0.03032129831759298 0.0303236478984323 
0.03139622641509434 0.03031852696542926 0.030287220297531687 0.030323000892231423 0.030317356273752805 0.03031970181854942 
0.0337122641509434 0.030262940945271082 0.030284769000682915 0.030320453196114247 0.030314815178387126 0.030317156881574457 
0.036014150943396224 0.030197562074671037 0.030275674037030742 0.030311246022175206 0.030305616210317948 0.030307953332416343 
0.03830188679245283 0.030129087438923383 0.030264236971767854 0.030299690663235936 0.030294069551221246 0.030296401884742634 
0.040575471698113215 0.03006096475206513 0.03025238712375231 0.030287721244077685 0.030282108800604685 0.030284436384261298 
0.042834905660377356 0.02998579137345549 0.03023496892192446 0.03027017160925992 0.030264569043981226 0.03026689133629396 
0.045080188679245285 0.029911722674314876 0.03021757962458873 0.030252650511434404 0.03024705767563253 0.0302493747606006 
0.04731132075471699 0.029824706847378778 0.03018955495123524 0.03022447411847786 0.030218893259545448 0.030221204162084365 
0.049528301886792456 0.02973754885173541 0.030160389904324278 0.030195155540165237 0.03018958674375893 0.030191891455259905 
0.0517311320754717 0.029654203471126066 0.03013257031476103 0.03016718629369983 0.030161629026096936 0.03016392786385606 
0.05391981132075472 0.029559006684072978 0.030094536995300382 0.030128985650412585 0.03012344205631018 0.030125734042815235 
0.05609433962264151 0.029465001156278644 0.030055361434339338 0.03008964405639378 0.030084114044937823 0.030086399248956407 
0.05825471698113208 0.029367705491525856 0.030011879829236175 0.03004599155973418 0.03004047580215402 0.030042754003601197 
0.06040094339622642 0.029261089767975094 0.02995880694200566 0.029992735385272033 0.02998723567925546 0.029989506145354606 
0.06253301886792453 0.029154477155087836 0.029903964657869726 0.02993771026909626 0.02993222674637638 0.0299344894611331 
0.06465094339622643 0.029054735392299833 0.029852203636566814 0.029885776859006542 0.02988030851932619 0.029882563957863324 
0.06675471698113208 0.028938984034614697 0.029784867157974133 0.029818248026178943 0.02981279786257131 0.029815044803228073 
0.06884433962264151 0.028819774916977178 0.0297123463482757 0.029745532214870272 0.029740100954821685 0.02974233914877055 
0.07091981132075473 0.028707532474300083 0.02964334554297595 0.029676347700201885 0.029670934335706212 0.0296731643060339 
0.0729811320754717 0.028585555074335023 0.029563368750924073 0.029596177177727022 0.029590783607456997 0.02959300462084149 
0.07502830188679245 0.028455278334443713 0.029473991011932852 0.029506597422461 0.029501225319399915 0.029503436628918998 
0.07706132075471699 0.028321956688490697 0.029379400741913878 0.02941180435070101 0.029406454414342066 0.029408655772593086 
0.0790801886792453 0.02820590824684154 0.029297900782366527 0.029330126547911756 0.029324795833365995 0.029326988593466153 
0.08108490566037736 0.02807400214779006 0.029199451322089558 0.029231482651390184 0.029226174198834606 0.029228357077390903 
0.08307547169811322 0.027925212984981372 0.029084043129151825 0.029115861312409688 0.029110578250107315 0.02911274997885841 
0.08505188679245283 0.027788236920356785 0.028977224039578663 0.0290088470438266 0.02900358745704724 0.029005748942343586 
0.08701415094339622 0.02764985140516712 0.028866705813214818 0.028898135273837722 0.028892899537582107 0.02889505065820105 
0.08896226415094341 0.02750125099340275 0.02874482812996168 0.028776054240805756 0.028770844317782027 0.02877298426631522 
0.09089622641509434 0.02736487982798832 0.028632548006105138 0.028663588562123452 0.02865840241454089 0.028660532124658463 
0.09281603773584905 0.027209078029878767 0.028499942415903853 0.02853077660958604 0.028525617971565307 0.02852773587950075 
0.09472169811320755 0.027049614596573898 0.02836238467289324 0.02839301043522708 0.028387880036811964 0.028389985867740605 
0.09661320754716982 0.02689247842179386 0.028225318572270883 0.02825574131628356 0.028250638815200627 0.028252732735997564 
0.09849056603773584 0.02673039529249197 0.028081626671579037 0.028111843055067146 0.028106769524545095 0.028108851076672478 
0.10035377358490567 0.026562273175473227 0.027931129708432933 0.027961134042555156 0.027956090608881868 0.02795815938392124 
0.10220283018867925 0.026406725864195523 0.02779063076952485 0.027820441010071757 0.027815425483472087 0.02781748248439371 
0.1040377358490566 0.026233220676512264 0.027631718416841946 0.027661314655196962 0.02765633053304568 0.02765837426309919 
0.10585849056603774 0.026062135105294884 0.027473856204692622 0.027503243188364904 0.02749829012447706 0.027500320757229 
0.10766509433962265 0.02588343107516954 0.027307433778022416 0.0273366040400905 0.027331683471309792 0.02733370046166173 
0.10945754716981132 0.025711387970756405 0.027146023490491666 0.027174986801138674 0.02717009757512483 0.027172101417816466 
0.11123584905660377 0.025527658473229364 0.026972313977463823 0.02700105772543095 0.026996202035596974 0.02699819183439038 
0.11300000000000002 0.02535334795749259 0.0268063569222616 0.026834894076933118 0.026830070307263604 0.026832046758046617 
0.11474999999999999 0.025165976889728558 0.02662681958092648 0.026655135693217345 0.026650346273436355 0.02665230836055242 
0.11648584905660378 0.02498327315621098 0.026450606171802383 0.02647870829548581 0.026473952434298828 0.026475900477666594 
0.11820754716981133 0.024786291087071397 0.026259723892968236 0.02628759584585754 0.026282876227586256 0.02628480911367656 
0.11991509433962264 0.024591163258236185 0.02606946374328781 0.02609710903110515 0.026092425484073277 0.026094343289395434 
0.12160849056603774 0.024393963198314106 0.025876426353317335 0.025903843397867686 0.025899196380812006 0.025901098872601253 
0.12328773584905661 0.02420791429337225 0.025693287023193255 0.02572049018370678 0.02571587766048099 0.02571776579440261 
0.12495283018867924 0.024007039677827125 0.025494602153919875 0.025521574940927473 0.025516999671923148 0.025518872367058642 
0.12660377358490565 0.02379375442499856 0.025282952376184938 0.02530968086130896 0.02530514519232311 0.02530700142087851 
0.12824056603773587 0.02359210139133635 0.02508203712617471 0.025108535768831007 0.02510403760460075 0.02510587833787141 
0.12986320754716982 0.0233699877523456 0.024860188832629873 0.024886434175403628 0.024881977426142027 0.02488380106551692 
0.13147169811320755 0.023172269688517412 0.024661539140282723 0.02468756084620903 0.024683141094930475 0.02468494941438491 
0.13306603773584907 0.022960975536507357 0.024448793288448182 0.024474576020705473 0.02447019581094509 0.024471987709513202 
0.13464622641509433 0.022750724583572565 0.024236174827730467 0.024261720594004475 0.024257379772085138 0.024259155311371877 
0.1362122641509434 0.02252558488089611 0.02400821226706792 0.024033503974484588 0.024029205338111558 0.024030963373272703 
0.13776415094339622 0.02230441961614107 0.023783541810364312 0.02380858489721812 0.023804327713233313 0.023806068646400974 
0.1393018867924528 0.02207917107805402 0.023554174921065086 0.02357896499285014 0.02357475001903128 0.023576473505102644 
0.1408254716981132 0.021864074770340348 0.023334017872608664 0.0233585676255206 0.023354393006189193 0.023356099811685217 
0.14233490566037738 0.021622370904819395 0.02308687057262397 0.023111149118413204 0.023107019886022165 0.023108707903817687 
0.14383018867924527 0.021389813370060268 0.022848225944316704 0.022872244436766293 0.022868158907862684 0.022869828825180884 
0.14531132075471698 0.021158122025671012 0.02260976323706396 0.022633523133636507 0.022629481174682973 0.022631133069082068 
0.14677830188679247 0.020919338077483984 0.02236357263758439 0.022387066082721313 0.02238306907391537 0.022384702428788504 
0.1482311320754717 0.020677425064137257 0.02211378977154585 0.02213701345929704 0.022133062017742778 0.022134676596180847 
0.14966981132075471 0.02044853619206843 0.021876387894029296 0.02189935759261576 0.021895449236449628 0.021897046066618006 
0.15109433962264152 0.020188345735212256 0.021607022588359948 0.02162970196685632 0.02162584253533798 0.021627419242206493 
0.15250471698113208 0.019945653380274386 0.021354695562362712 0.021377105217026595 0.02137329164396987 0.02137484950926007 
0.15390094339622643 0.01968907194169214 0.021087806116589145 0.021109930173195127 0.021106165241914394 0.021107703038129748 
0.15528301886792453 0.019433342752754174 0.020821306972883664 0.020843146622743624 0.020839430084674995 0.020840947887645036 
0.1566509433962264 0.01919358834733913 0.020570420003612838 0.020591994198755258 0.020588322972285494 0.020589822066499234 
0.15800471698113208 0.018937333435000505 0.020302240578735926 0.020323530421592927 0.020319907644508688 0.02032138673978306 
0.15934433962264152 0.018673929240150707 0.020026321841420367 0.02004731925186333 0.020043746344141335 0.020045204882425782 
0.1606698113207547 0.01838538544790587 0.01972447306233574 0.019745149108718378 0.01974163079224143 0.01974306685411747 
0.1619811320754717 0.01812736681225589 0.019453038817378837 0.019473429190964033 0.019469959754397546 0.019471375753893738 
0.16327830188679246 0.017842841318854306 0.019154199588337736 0.019174273573439718 0.01917085800508074 0.019172251859529033 
0.16456132075471697 0.017559141786332427 0.018855794490906137 0.018875553177241287 0.01887219131240378 0.018873563057679517 
0.1658301886792453 0.017280764632035803 0.01856230539273256 0.01858175515336366 0.018578446032571496 0.018579796105972025 
0.16708490566037737 0.017013920685719563 0.01827990392286246 0.018299058215087517 0.018295799826796317 0.018297129118112522 
0.16832547169811318 0.016722611558582633 0.017972161209077592 0.01799099157644213 0.017987788539605643 0.01798909515961447 
0.16955188679245284 0.016420633517578703 0.017653127534928228 0.01767162169264318 0.017668475978065725 0.017669759136993143 
0.17076415094339623 0.01615255754078793 0.017368178682619098 0.017386376080262975 0.017383281374420464 0.01738454367419554 
0.1719622641509434 0.015850796703594624 0.01704820507788862 0.017066066990785975 0.01706302969268584 0.017064268435596042 
0.17314622641509433 0.015540449449190022 0.016719084157509976 0.01673660078129074 0.01673362246515603 0.016734837022255505 
0.17431603773584908 0.015228496815992244 0.01638782650631482 0.01640499597757472 0.016402076950074212 0.016403267211632894 
0.17547169811320754 0.01490834013650742 0.01604769991684187 0.016064512706953592 0.016061654642295087 0.016062819815486556 
0.1766132075471698 0.014603192250946282 0.015722454643860857 0.01573892809098139 0.015736128154924926 0.015737269428227146 
0.17774056603773586 0.014278930609812335 0.015377039371135529 0.015393151392018398 0.015390413102918653 0.01539152911280913 
0.17885377358490567 0.013945459903112044 0.015021699927579154 0.015037439985031964 0.015034765071047262 0.01503585511093163 
0.17995283018867927 0.013620927715138217 0.014674982482815346 0.014690361119191917 0.014687747961281163 0.014688812677002068 
0.1810377358490566 0.013266875719491575 0.014297493142087926 0.014312476226010664 0.014309930479448481 0.01431096751028134 
0.18210849056603773 0.012917876331887257 0.013924608585842 0.013939201905648778 0.01393672271444246 0.013937732382615899 
0.18316509433962266 0.012582580221878347 0.013565163260726078 0.01357938264526016 0.013576967511872588 0.013577950852435098 
0.18420754716981133 0.01221889592736141 0.013175952255072322 0.01318976482214924 0.013187419116086152 0.013188374012684984 
0.18523584905660376 0.011844576277424823 0.012775248920989945 0.012788642410342659 0.012786368073633286 0.01278729388250442 
0.18625000000000003 0.011475723845168508 0.012379454725837584 0.012392435452476704 0.012390231484228869 0.012391128684792072 
0.18725 0.011088123856988224 0.0119636468480374 0.011976193292201854 0.011974063322665325 0.011974930399975136 
0.18823584905660376 0.010690708124362952 0.011537035749581273 0.01154913663155219 0.011547082646742339 0.011547918752925107 
0.18920754716981136 0.010293326677397853 0.011109660096239458 0.011121315422075452 0.011119337611416088 0.011120142623776438 
0.19016509433962264 0.009859679534031718 0.010644068573214366 0.010655236402188708 0.010653341748227784 0.010654112632856034 
0.19110849056603774 0.00941055748096615 0.01016163544963983 0.010172298035969257 0.010170489506106913 0.010171224965125576 
0.19203773584905662 0.008974692487532403 0.009691786093000154 0.00970195884506836 0.009700233906769763 0.009700935040946409 
0.19295283018867926 0.008496231907268208 0.009176720625519382 0.009186354573388376 0.00918472124204965 0.009185384834479858 
0.19385377358490563 0.007988285896167955 0.00862990570071856 0.008638966975726881 0.00863743082107991 0.008638054723602339 
0.19474056603773587 0.007457266690192365 0.008057807153544495 0.00806626926766311 0.008064834791632246 0.008065417294622592 
0.19561320754716982 0.006903229868576796 0.007460307798883473 0.00746814456312548 0.007466816360182354 0.007467355622181322 
0.19647169811320753 0.006311288148320547 0.006821570906288955 0.006828739079056669 0.006827524616154673 0.006828017547253138 
0.19731603773584908 0.0056783391222329635 0.006137590690046761 0.006144043632719971 0.006142950733763957 0.006143394136870778 
0.19814622641509433 0.0049485845632698845 0.005349429365875336 0.005355056725339997 0.005354103776221394 0.005354490045869766 
0.19896226415094337 0.004041455342398806 0.00437044336384903 0.004375042375868014 0.004374263250889551 0.004374578734055596 
0.19976415094339622 0.002506605511290832 0.002721281965246583 0.0027241320962809556 0.002723647446289074 0.0027238433149737278 
0.20055188679245284 -0.006098471089022253 -0.006235274247413368 -0.0062423223753954 -0.006241179967684634 -0.006241654280150496 
0.20132547169811318 -0.001372887412531935 -0.0014096936200904584 -0.0014112843012787889 -0.001411025659846227 -0.001411132803941861 
0.20208490566037737 -0.00020662219837612415 -0.0002124958360768954 -0.00021273860776351703 -0.00021269909832454914 -0.00021271545366272394 
0.2028301886792453 -2.2263011171260362e-05 -2.2970892708052925e-05 -2.2998460135505638e-05 -2.2993967859043085e-05 -2.2995825817705667e-05 
0.20356132075471695 -2.0156615541557925e-05 -2.0875491631899137e-05 -2.090075199491574e-05 -2.089662507151874e-05 -2.0898329645656233e-05 
0.20427830188679247 -2.4209107085916236e-06 -2.5485220792554757e-06 -2.552400147391285e-06 -2.5517640546926054e-06 -2.5520261764677832e-06 
0.2049811320754717 -6.921432151911447e-07 -7.548735921052143e-07 -7.565032498049717e-07 -7.562346604457444e-07 -7.563450472281124e-07 
0.20566981132075468 -3.253055392281942e-07 -3.685308685604926e-07 -3.6958241991566325e-07 -3.6940876802337573e-07 -3.6948005279867825e-07 
0.20634433962264154 -1.5460013479665172e-07 -1.7548410292734235e-07 -1.7604660425110843e-07 -1.7595425847388947e-07 -1.7599224118131212e-07 
0.20700471698113207 -1.6603663077864766e-07 -1.9003718874322095e-07 -1.9065768787066743e-07 -1.9055558907660753e-07 -1.9059755504179178e-07 
0.2076509433962264 -1.7406600413674442e-07 -1.9997448073419083e-07 -2.0062969860252885e-07 -2.005217404926735e-07 -2.0056609908949955e-07 
0.20828301886792455 -7.805308144737498e-08 -8.668879534311678e-08 -8.697998192940231e-08 -8.693269029803999e-08 -8.695221043547844e-08 
0.20890094339622642 -5.7550643834379664e-08 -6.285620194985501e-08 -6.30717691666549e-08 -6.30370165464604e-08 -6.305139656062854e-08 
0.20950471698113204 -6.614203384815697e-08 -7.332098987513211e-08 -7.357003507192833e-08 -7.352963516193381e-08 -7.354632006075247e-08 
0.2100943396226415 -7.24258191784145e-08 -8.106636484464223e-08 -8.13400726201865e-08 -8.129549378987605e-08 -8.131388198166521e-08 
0.2106698113207547 -7.394318361211141e-08 -8.309745846623958e-08 -8.337738789567025e-08 -8.333171618551862e-08 -8.335054554633407e-08 
0.21123113207547167 -5.446217694656442e-08 -6.024982258307404e-08 -6.045483447936775e-08 -6.042161205021991e-08 -6.043533700627871e-08 
0.21177830188679247 -4.4361580211589964e-08 -4.8541839646994064e-08 -4.8708121626798674e-08 -4.868130830163743e-08 -4.869240229849742e-08 
0.21231132075471698 -2.251995401633362e-08 -2.2881838109193298e-08 -2.2964236179956314e-08 -2.2951376463325506e-08 -2.295675257651268e-08 
0.21283018867924525 -2.6252836102002302e-08 -2.746671240014831e-08 -2.7563637135660123e-08 -2.7548315763406788e-08 -2.755469558040421e-08 
0.21333490566037736 -2.9635844427013563e-08 -3.16258082920396e-08 -3.1735898110413545e-08 -3.171834433472051e-08 -3.172563425986716e-08 
0.2138254716981132 -2.556922198561404e-08 -2.699279374668703e-08 -2.7087494187113196e-08 -2.7072471751388234e-08 -2.7078720649609556e-08 
0.2143018867924528 -2.587972208030081e-08 -2.75293734831066e-08 -2.762548521408092e-08 -2.7610191912670822e-08 -2.7616547295779957e-08 
0.21476415094339624 -2.5099650244797254e-08 -2.6721959337756683e-08 -2.681523532604669e-08 -2.6800392569298107e-08 -2.6806560322523824e-08 
0.21521226415094338 -2.357871873562804e-08 -2.5065933244474837e-08 -2.5153564126971253e-08 -2.5139635333749237e-08 -2.5145424973023348e-08 
0.21564622641509432 -2.1937917941848897e-08 -2.3257067359514197e-08 -2.333857087488779e-08 -2.3325637767646068e-08 -2.3331016067729245e-08 
0.21606603773584906 -1.2542224444730461e-08 -1.2345922637824012e-08 -1.2391703416134117e-08 -1.2384696346274185e-08 -1.2387642137819597e-08 
0.21647169811320754 5.882597563729551e-10 3.0195398023609592e-09 3.0238882853372028e-09 3.022560066170792e-09 3.023032292014134e-09 
0.21686320754716978 1.9842149168461714e-09 4.61709587224629e-09 4.626756222109612e-09 4.6245557384052024e-09 4.625386569754393e-09 
0.21724056603773587 1.516736107177847e-09 4.026074853439042e-09 4.033910610531403e-09 4.032025116523365e-09 4.032727974975824e-09 
0.21760377358490565 -8.594358264604091e-11 2.098347475102283e-09 2.1000047164391845e-09 2.099159018348605e-09 2.099436934391905e-09 
0.21795283018867923 -1.568008190428931e-09 3.152747816156077e-10 3.1121790484053856e-10 3.113339465031007e-10 3.1121883137651203e-10 
0.2182877358490566 -2.9185666657870492e-09 -1.3144957302679945e-09 -1.3237660367536151e-09 -1.3227714739823028e-09 -1.3232455318650624e-09 
0.21860849056603773 -4.137630150057216e-09 -2.7892477443869465e-09 -2.803227298701238e-09 -2.8014382550969877e-09 -2.8022368339784465e-09 
0.2189150943396226 -5.266041208285264e-09 -4.155036791301708e-09 -4.173375526015885e-09 -4.170850799075826e-09 -4.17194986198228e-09 
0.21920754716981133 -5.842251875116026e-09 -4.886649630472548e-09 -4.9072589186358584e-09 -4.9043439928899724e-09 -4.9056015350672556e-09 
0.21948584905660376 -6.257773422999701e-09 -5.425701092110153e-09 -5.447961912638314e-09 -5.444760740063476e-09 -5.446134244108603e-09 
0.21974999999999997 -6.591674094846883e-09 -5.859989318015281e-09 -5.8835764538568485e-09 -5.880144856823715e-09 -5.881611648181801e-09 
0.22 -6.842548234949164e-09 -6.190681995905458e-09 -6.215268878010768e-09 -6.211662357227065e-09 -6.2131998368090285e-09 
