pnt cod0 cod1 cod2 cod3 cod4 
-1.0 0 0 0 0 0 
-0.995 0.16046163033997987 0.16095523510612197 0.16093575299370735 0.1609360089158101 0.16093599128579533 
-0.99 0.1612056119351662 0.16179907028327623 0.1617798492436313 0.1617798709805834 0.1617798439712676 
-0.985 0.16171564897365728 0.1627873956875015 0.16274480128186108 0.1627452631355486 0.16274522209521455 
-0.98 0.16197919608464367 0.16329054654135156 0.1632367490407939 0.1632373250520269 0.16323727370998523 
-0.975 0.16231371606322018 0.16390679984802553 0.16384162313425285 0.16384227277669045 0.16384221138286803 
-0.97 0.16272282769754318 0.1644645413043746 0.16439292199865804 0.16439361833032878 0.1643935487512997 
-0.965 0.1630935234242334 0.16503698160136027 0.1649577102284755 0.1649584822554156 0.16495840591596542 
-0.96 0.1637749772506069 0.16578098797892976 0.1656984664896602 0.1656991408691887 0.16569905300314738 
-0.955 0.16409003247553272 0.16616219817370945 0.16607747547909557 0.16607817367626948 0.16607808481569766 
-0.95 0.16411706117351993 0.16647460536684436 0.16637827048196085 0.16637907031839846 0.1663789689708234 
-0.945 0.1647335668911444 0.1671446327829093 0.16704618443808295 0.16704687150694497 0.16704676200470134 
-0.94 0.16508215254960087 0.16747540195298544 0.16737657570565345 0.16737715708883846 0.1673770420079099 
-0.935 0.16552664918492302 0.16801129231404274 0.16790968744850762 0.16791017349198128 0.16791004933111803 
-0.9299999999999999 0.16581796558419634 0.16835920614179004 0.1682563372728555 0.16825673955622952 0.16825660940417123 
-0.925 0.16593933007710818 0.1686195873148815 0.16850940045502083 0.16850984826371382 0.1685097112444158 
-0.92 0.16608299538586793 0.1689066729264212 0.16879123113058378 0.16879163668766528 0.16879149054311643 
-0.915 0.16626122022268303 0.16914222450681501 0.1690249290572523 0.1690252423108477 0.16902508922690332 
-0.91 0.16659291772589274 0.1695435775269466 0.16942379831839682 0.16942401164851875 0.16942385015479372 
-0.905 0.16671440656197148 0.16970423618004438 0.16958243487795205 0.16958250282480367 0.16958233116119584 
-0.9 0.16715684496452257 0.17013714796023932 0.17001518631610604 0.1700151073540211 0.1700149276649703 
-0.895 0.16721641524036954 0.17020276041138396 0.170079212258906 0.17007904014400516 0.17007885379735227 
-0.89 0.16742539857663924 0.170502340539538 0.17037573142733228 0.17037542103365713 0.17037522306127192 
-0.885 0.16772819849708798 0.1707816530260972 0.17065615908153076 0.17065567693529687 0.17065547026133918 
-0.88 0.1677264052078979 0.17080252616918964 0.17067652407042244 0.170675935542499 0.17067572254964614 
-0.875 0.16809218575705057 0.17118665414490225 0.17105964319050088 0.17105886195009887 0.17105863560210743 
-0.87 0.1681683030819832 0.17121417838891714 0.17108795192560522 0.17108700188688658 0.17108676598248 
-0.865 0.16830341104510838 0.17135109061167247 0.17122505420766654 0.17122400188858639 0.17122376071353063 
-0.86 0.1684462679455308 0.1714953643865105 0.17136964360298648 0.1713684641695091 0.1713682160185977 
-0.855 0.16857085140594266 0.17161897253355443 0.1714923487749842 0.17149095170311424 0.17149068819366295 
-0.85 0.1686080828250366 0.17166279444169844 0.17153514437119974 0.17153355469063858 0.1715332776919103 
-0.845 0.16883465196956415 0.1718372371437273 0.17171134387387071 0.1717096006449756 0.17170931662813466 
-0.84 0.16877610514668417 0.17173666422163708 0.17161152854370731 0.17160958704610796 0.17160929154502913 
-0.835 0.16905508161161578 0.17198916406193868 0.17186457541428324 0.17186246553081957 0.17186216032579307 
-0.83 0.16904370701639534 0.17192160040698876 0.171798295688599 0.17179602885462353 0.17179571552869016 
-0.825 0.16908112129496045 0.17192676091198256 0.17180301928382835 0.17180050125306562 0.17180017071144105 
-0.8200000000000001 0.1693051550085123 0.17208961022473873 0.17196808524548732 0.17196540685416178 0.17196506850794288 
-0.815 0.1692196296152736 0.171974957998906 0.1718541802057745 0.1718513458395546 0.1718509983968399 
-0.81 0.1692535149267621 0.17197616907067476 0.17185515415289865 0.1718520585942066 0.1718516932706716 
-0.8049999999999999 0.1692835089525546 0.1719629300647068 0.17184209488303823 0.17183877613659027 0.17183839575636078 
-0.8 0.16936539154800068 0.17198521693198116 0.171866786843065 0.1718633657236025 0.17186298178399628 
-0.7949999999999999 0.16951623816392025 0.1720764063290213 0.17195991203108135 0.17195636064862752 0.17195597050059602 
-0.79 0.16934131862569374 0.17184392631468626 0.1717269031614855 0.17172306067914372 0.17172264913821111 
-0.785 0.1693590899736625 0.1717987867645261 0.17168200252136415 0.17167790305076527 0.17167747332955385 
-0.78 0.16931472633441955 0.17170205466723262 0.17158567018316148 0.17158136315552197 0.17158091954051718 
-0.775 0.1692674871583364 0.17150068771977106 0.1713866790116968 0.17138214145094272 0.1713816827285494 
-0.77 0.16949594023420753 0.1716962899157711 0.17158360120311056 0.17157891055177926 0.1715784427439354 
-0.765 0.16924300234878797 0.17139902139661917 0.17128687014415717 0.17128197539512452 0.17128149364658973 
-0.76 0.16922945449002721 0.1713397513969803 0.17122727144738892 0.1712221096512816 0.17122160839725198 
-0.755 0.16916095512809207 0.17117804437665288 0.17106679190668592 0.17106141875055547 0.17106090287145365 
-0.75 0.16910661756336529 0.17105189125561418 0.17094181314957071 0.17093626258670996 0.1709357347805466 
-0.745 0.16901876913247307 0.17088573953983627 0.1707754415984209 0.17076959842516734 0.1707690480521226 
-0.74 0.1689117633480998 0.17067942951610626 0.17057017517227002 0.17056412886462607 0.17056356348869606 
-0.735 0.16887652951119628 0.17056629711738638 0.17045850072090582 0.17045229497852354 0.17045171895746872 
-0.73 0.16891504717141803 0.17053943271294578 0.17043311750408874 0.1704267640213241 0.17042617847426222 
-0.725 0.16868871074836617 0.1702208604635675 0.17011420636637556 0.17010755253993742 0.1701069429654117 
-0.72 0.16854635243275443 0.17000183274101632 0.16989471234332723 0.16988777133764907 0.16988713892476304 
-0.715 0.16842890389313267 0.16979813586848064 0.16969204199244983 0.16968491436551014 0.1696842682137951 
-0.71 0.1683973398958395 0.1696729885413169 0.16956785415898898 0.1695605300328172 0.1695598691397709 
-0.7050000000000001 0.16821256596995593 0.16939883534436195 0.16929361045460076 0.16928602411052357 0.1692853422935024 
-0.7 0.16802790485409524 0.16913393798385223 0.1690289468306201 0.16902111977471543 0.16902041930593198 
-0.6950000000000001 0.16799054832198973 0.16898777976136595 0.16888328355514023 0.1688752444656967 0.16887452686503612 
-0.69 0.16765632391202331 0.16855586086323715 0.16845083104365863 0.16844248540056914 0.16844174282072433 
-0.685 0.16782734050558007 0.16861896666033496 0.16851513769634052 0.16850667056566043 0.1685059182435816 
-0.6799999999999999 0.16777487082927417 0.16846681659541357 0.1683637474534348 0.16835514231308268 0.16835437864176872 
-0.675 0.1676177685318394 0.1682150774330309 0.16811153582894642 0.16810263955325874 0.1681018520196799 
-0.6699999999999999 0.16718735748657126 0.16767730092656274 0.16757145744905647 0.16756211483036587 0.16756128936204695 
-0.665 0.16713696911879178 0.16753325150147536 0.16742816005501304 0.16741867086896578 0.16741783349447387 
-0.6599999999999999 0.16722301630677677 0.16753856006076723 0.1674357429690393 0.16742624087094016 0.16742540363715672 
-0.655 0.16682378890668678 0.16703384571744317 0.16693032898160123 0.1669205499295179 0.1669196890672586 
-0.6499999999999999 0.16650912273473578 0.1666230964306149 0.16651834573740656 0.1665082270107624 0.1665073374896519 
-0.645 0.1661739351523306 0.16620300279532535 0.16609791519997127 0.1660874814903405 0.1660865663686491 
-0.64 0.16580203313075875 0.16568449742618813 0.1655769838463282 0.16556627042250407 0.16556532876562247 
-0.635 0.16599760075343464 0.16581178632450067 0.16570552826661028 0.16569464245942547 0.16569368822995928 
-0.63 0.16542818267311682 0.1651255702293511 0.16501801809592345 0.16500691763402964 0.1650059435246226 
-0.625 0.16511021407194712 0.16469561772717248 0.16458656851824746 0.16457513450266573 0.1645741317782523 
-0.62 0.16492275944422724 0.16440863013084614 0.16429859280538056 0.16428689572957866 0.16428587021147453 
-0.615 0.16426937337740516 0.16363199570886539 0.16351931835648348 0.16350712753769245 0.1635060599119469 
-0.61 0.16428039705858785 0.16354484946225484 0.16343192939825907 0.16341958849824756 0.16341850692070603 
-0.605 0.16416184277560686 0.16333626133430768 0.16322343553727348 0.16321093503951115 0.1632098392994845 
-0.6 0.16374196412738168 0.16279667267586137 0.16268139213620642 0.16266855620564108 0.16266742927303024 
-0.595 0.16342371207051687 0.16236964498940187 0.16225289372419918 0.16223977297925046 0.16223861988987495 
-0.59 0.1630492912583984 0.16188451004278168 0.16176580903629495 0.16175241606643723 0.16175123732383528 
-0.585 0.16294447010547497 0.1616811625955541 0.16156125574233596 0.16154765729200823 0.16154645888136143 
-0.5800000000000001 0.16249697519857365 0.16112471578872511 0.16100292960179666 0.16098902941804397 0.16098780358085907 
-0.575 0.16209577879749393 0.16059846270178763 0.1604732407568799 0.16045902167035847 0.16045776578677262 
-0.5700000000000001 0.16241776808792593 0.16084631001154173 0.16072241805501783 0.1607080693796998 0.16070680260152728 
-0.565 0.16144112287319473 0.15974127389704415 0.1596127950250696 0.15959805698836355 0.1595967543980481 
-0.56 0.1613103348871628 0.15950351927985484 0.1593730457263444 0.1593579750766887 0.1593566434149144 
-0.5549999999999999 0.16075602732632666 0.15883439463041069 0.1587005091585257 0.15868511080148806 0.1586837491838388 
-0.55 0.16043260856264088 0.15839868991174189 0.1582623605003888 0.1582466509319444 0.1582452611144536 
-0.5449999999999999 0.1602056949369275 0.15808238118609294 0.15794405042011497 0.15792816227753154 0.1579267549014061 
-0.54 0.15990297750682847 0.15768020801711785 0.157539681917375 0.15752355667152623 0.1575221266733136 
-0.5349999999999999 0.1591840349697555 0.1568275322323567 0.15668230060146918 0.1566656989954458 0.15666422450275538 
-0.53 0.1590491914430617 0.15658961410098504 0.15644233659694542 0.1564254785888518 0.1564239795275248 
-0.5249999999999999 0.1587123970609114 0.1561501830828903 0.15600028849025 0.15598317288768743 0.15598164853986343 
-0.52 0.15821996124036297 0.15555844605553604 0.15540522974374862 0.15538785381881592 0.15538630377391777 
-0.515 0.15772825433272555 0.15493224975425227 0.154774573647223 0.1547567449805814 0.15475515197989537 
-0.51 0.15731319723260173 0.15442793515422026 0.15426733590282635 0.1542493052282583 0.15424769196353982 
-0.505 0.1567737736658019 0.15382879367289914 0.15366382906903214 0.15364563921569507 0.1536440092786966 
-0.5 0.15679041849682746 0.15370254381537168 0.15353423573087602 0.1535155813920978 0.15351390779279592 
-0.495 0.15668087199879543 0.15345387757134876 0.1532830096606309 0.15326395140160756 0.1532622391361906 
-0.49 0.15573588699777832 0.15246208581179105 0.15228746261864448 0.15226832179057348 0.15226660048459156 
-0.485 0.15523493085280538 0.1518174879490261 0.15163778577373427 0.15161815184549474 0.15161638333712144 
-0.48 0.15474472434988068 0.15121951951337076 0.15103538976977832 0.15101540154188664 0.15101359957240798 
-0.475 0.15405525485037358 0.15042337638621917 0.15023411977400877 0.15021375240013551 0.15021191529631403 
-0.47 0.1533469910736882 0.14959799628421216 0.14940326230588463 0.14938246274240127 0.14938058566933887 
-0.46499999999999997 0.15329914700271535 0.1494684952744811 0.14927071149136592 0.14924967335185668 0.14924777397911557 
-0.45999999999999996 0.1533572512839033 0.14940985295007314 0.14920988223919665 0.14918861504343905 0.1491866939561949 
-0.45499999999999996 0.15262700206617819 0.14863158299339413 0.14842518606734045 0.1484035169854186 0.14840155914651515 
-0.44999999999999996 0.15203712260964458 0.1479115642577014 0.14769957377812296 0.1476774637633801 0.14767546508271684 
-0.44499999999999995 0.1515195833427962 0.14734476433433077 0.14712932366961218 0.1471070621638796 0.14710504914059347 
-0.43999999999999995 0.15068435331805602 0.14645319608529148 0.14623272432350734 0.14621020785559408 0.1462081713088566 
-0.43499999999999994 0.1502214904277624 0.14583699583732224 0.1456101341456666 0.1455870539933172 0.14558496419747916 
-0.42999999999999994 0.15010998665428352 0.14557998858623067 0.14534906026261693 0.14532555756388083 0.1453234270411846 
-0.42499999999999993 0.14855340395002944 0.1439403469369643 0.1437015377651051 0.14367761330417514 0.14367544506235316 
-0.42000000000000004 0.14826225478676985 0.14346594549002753 0.14322018401820874 0.1431956063574803 0.14319337423167694 
-0.41500000000000004 0.1472308298157747 0.14242120187888255 0.14217036467487396 0.14214557911883732 0.14214333103377788 
-0.41000000000000003 0.14688734426726582 0.14199003480997893 0.1417352376089143 0.14171019150039335 0.1417079192334516 
-0.405 0.1469248906978945 0.14191226435029985 0.14165323381684916 0.14162783717492172 0.14162553129212224 
-0.4 0.14647630002386167 0.1413722716144696 0.1411079172510727 0.14108214782184691 0.14107980740022014 
-0.395 0.1456621302522178 0.14044488009963968 0.14017323306617308 0.14014694830618965 0.14014456013161733 
-0.39 0.14462598164359947 0.13934592815312263 0.1390682231502577 0.1390415776959682 0.13903915788211468 
-0.385 0.14410700655911007 0.13871074324943555 0.13842641547243267 0.13839930201347522 0.1383968381149016 
-0.38 0.14369035369927272 0.13825156140856737 0.13796367347196117 0.13793637698909786 0.1379338980905905 
-0.375 0.14288591006720092 0.13743137649740989 0.1371386504122123 0.1371110932818686 0.13710859367279457 
-0.37 0.14227195987963764 0.1366820859651169 0.136380892240392 0.136352703743689 0.13635014554574254 
-0.365 0.14216486323738897 0.1363553178425689 0.1360450414081635 0.13601609576316706 0.13601346347757995 
-0.36 0.14066426322267805 0.1348825332637168 0.13456873061689745 0.13453965277683047 0.134537017314044 
-0.355 0.13999011061801359 0.1340600017489979 0.13373701134810517 0.13370724197108336 0.13370454438332738 
-0.35 0.13933662674956734 0.13336917017338368 0.13304133757122732 0.1330112663299628 0.13300854570805878 
-0.345 0.13894755931729125 0.13284061448975867 0.1325039977714737 0.13247325109954655 0.13247046905484355 
-0.33999999999999997 0.1377644580645421 0.13162369993854173 0.13128054201951872 0.13124937233898504 0.13124655765451257 
-0.33499999999999996 0.13714220828259643 0.13100129263563803 0.13065521023221913 0.13062387909566145 0.13062105499706766 
-0.32999999999999996 0.1368202828273808 0.13055933715662146 0.13020723198820425 0.13017545048095958 0.13017258835614565 
-0.32499999999999996 0.13600551388503654 0.12965181130184544 0.12929221491498347 0.12925987687952564 0.1292569681679487 
-0.31999999999999995 0.13506887622047437 0.12863079931619137 0.12826353025553736 0.12823062846402777 0.1282276734648221 
-0.31499999999999995 0.13410321572953526 0.1276077283696535 0.12723390718928393 0.1272005397151953 0.12719754841410977 
-0.30999999999999994 0.1336424551006862 0.12697175694014895 0.12658688996238177 0.12655264922618964 0.12654958074043215 
-0.30499999999999994 0.13226141385626103 0.12563220489791754 0.12524497438310042 0.12521062063261276 0.12520755251658688 
-0.29999999999999993 0.13180781180640583 0.12504170122776845 0.12464393623721214 0.12460874790242402 0.12460560862557088 
-0.29500000000000004 0.13068783272270504 0.12393172661925334 0.12353042886074804 0.1234950084044159 0.12349185650436609 
-0.29000000000000004 0.12986915665642493 0.12291653202014359 0.12250335705830713 0.12246702984858694 0.12246380086298435 
-0.28500000000000003 0.1288035587195853 0.1219801756291106 0.12156849402299517 0.12153229931087017 0.12152909508228596 
-0.28 0.12844058375684395 0.12147318380101277 0.12104867094046434 0.12101144935471347 0.12100815736843323 
-0.275 0.12653925571364952 0.11953895163353503 0.11910941384968991 0.11907181415672988 0.1190685003469562 
-0.27 0.125880040472438 0.11875555724499588 0.11831516020864961 0.11827666054655193 0.11827327586391834 
-0.265 0.1254161899619112 0.11827146155890153 0.11782595547723768 0.11778703346863592 0.11778361987574114 
-0.26 0.1245002566830807 0.11736624669602944 0.11691702645278532 0.1168778257367745 0.11687439415160975 
-0.255 0.12369106317776424 0.11649496916083413 0.11603984566084341 0.11600017575062459 0.11599670980027373 
-0.25 0.1227528531634946 0.11553830128803225 0.11507929337076224 0.11503934817256695 0.1150358631452891 
-0.245 0.12160475830476794 0.11439957078610588 0.11393760850352591 0.11389742888230832 0.11389392916657629 
-0.24 0.12083141228528606 0.11357524410613037 0.11310381602648913 0.11306289152211482 0.11305933129571445 
-0.235 0.11974360960676607 0.11217699105842666 0.11168605947162907 0.11164356708233247 0.11163987594412268 
-0.22999999999999998 0.11813275968213156 0.11080451567155254 0.11032168591441395 0.11027987348396129 0.11027624884996415 
-0.22499999999999998 0.11734997784422559 0.10980006906310077 0.10930043125376021 0.10925728260505932 0.10925354492443193 
-0.21999999999999997 0.11552121700318703 0.10806342601757139 0.10756374534370884 0.10752056212138145 0.10751683294398896 
-0.21499999999999997 0.11561729139790929 0.10803558354253019 0.10752399788285859 0.10747976306145955 0.10747595124255413 
-0.20999999999999996 0.11386418502460854 0.10639415555981666 0.10588743085785217 0.10584366860731438 0.10583990265567218 
-0.20499999999999996 0.11314874197463451 0.10553561050533246 0.10501464192024879 0.10496962782869143 0.10496576366111393 
-0.19999999999999996 0.1119890293000349 0.10441537125580055 0.10389031127399498 0.10384493970138296 0.10384105166339583 
-0.19499999999999995 0.1105503895778605 0.10299922320084004 0.10247385734872663 0.10242849933850987 0.10242461487176277 
-0.18999999999999995 0.10924019406923138 0.10166984326888673 0.10113880430466998 0.10109300909364033 0.10108908961199925 
-0.18499999999999994 0.10795282287546033 0.10034725187013344 0.09981144359831112 0.09976527241866137 0.09976132371857643 
-0.17999999999999994 0.1065370754779395 0.09900209173182585 0.0984666211025661 0.0984205382219889 0.09841659353488572 
-0.17499999999999993 0.10547986031051364 0.09794921471853152 0.09740486440529286 0.09735806994801391 0.09735406764287767 
-0.16999999999999993 0.1052028899338899 0.09736314165707789 0.09679469859946696 0.09674590915299588 0.09674174064524273 
-0.16500000000000004 0.1021284884715403 0.09466489221618477 0.09411981940302022 0.0940731347889674 0.09406913333770157 
-0.16000000000000003 0.10195831081271983 0.09412235886638576 0.09354537019689073 0.0934962326428515 0.09349201341594654 
-0.15500000000000003 0.10014538714437698 0.09265191779072725 0.09209452943077921 0.09204697056930504 0.09204288515099379 
-0.15000000000000002 0.09899494801720879 0.09130084740327635 0.09072762582787487 0.09067890093800306 0.09067470873215937 
-0.14500000000000002 0.09759673424754604 0.08996761756327679 0.08939406286062035 0.08934535235761346 0.08934115788194218 
-0.14 0.096111128701728 0.08849831637141532 0.08792288727784695 0.08787402523659872 0.08786982022971852 
-0.135 0.09462864928628541 0.0870260459073954 0.08644453250594787 0.08639515024839198 0.08639090204869632 
-0.13 0.09299485632255433 0.0854896170461271 0.08490898570376607 0.08485964487367348 0.08485540209592002 
-0.125 0.09142265002773432 0.0839868113766912 0.08340622827076402 0.0833568418461664 0.083352598113609 
-0.12 0.08971553297863631 0.08231856883796032 0.08173509946568412 0.08168545680701954 0.08168119212283917 
-0.11499999999999999 0.08820695495229122 0.08085466550095399 0.08026977229748253 0.08022000084871608 0.08021572810113883 
-0.10999999999999999 0.08679165015577486 0.07942925190608165 0.07884338237843883 0.07879340365298909 0.07878911460649174 
-0.10499999999999998 0.08529955092137992 0.07779023179702244 0.07719264758057921 0.07714164772060442 0.0771372722670591 
-0.09999999999999998 0.08205573814497649 0.07494309551045578 0.0743674932114543 0.07431842138847942 0.07431421245887773 
-0.09499999999999997 0.0814950732297436 0.07409837100088468 0.07349669549430277 0.07344544902601993 0.07344105350491237 
-0.08999999999999997 0.07919012540328349 0.07214570112972238 0.07156943736936332 0.07152001235715373 0.0715157813459549 
-0.08499999999999996 0.07684987474858371 0.06979102007492263 0.06921571237464719 0.06916638112380635 0.06916216152386215 
-0.07999999999999996 0.07445250058494966 0.06745185618765664 0.06687740455807673 0.06682803008576635 0.06682381075839558 
-0.07499999999999996 0.07285541545904374 0.06589356070542664 0.0653143154302709 0.06526453137515623 0.06526027961756022 
-0.06999999999999995 0.07152338079178616 0.0647338332250429 0.06416544636382342 0.0641164596099266 0.06411228114607524 
-0.06499999999999995 0.06876513577681657 0.062043250773417935 0.06147366686348615 0.06142448294013744 0.061420292207927864 
-0.05999999999999994 0.06656292692123372 0.05989901132856683 0.059331642285583124 0.059282530186591714 0.05927835011085136 
-0.05499999999999994 0.0640556908692316 0.05750186988930643 0.05694345828436895 0.05689500804528525 0.0568908886861311 
-0.04999999999999993 0.061598849043780254 0.05515097659381667 0.05459697342751678 0.05454876120935862 0.0545446670322637 
-0.04499999999999993 0.058780989875648754 0.052444672365937535 0.051895029494148946 0.05184699081810259 0.05184291701448418 
-0.040000000000000036 0.05572177359585481 0.04942246817347165 0.04887558678553289 0.04882776348146698 0.04882371235465581 
-0.03500000000000003 0.052441356889360684 0.046412084392268564 0.045888356037623236 0.04584244962135778 0.045838564081268074 
-0.030000000000000027 0.049300229988095676 0.04344906499917108 0.04293572166930128 0.04289050097796629 0.04288668326269603 
-0.025000000000000022 0.04619565070735728 0.04054838994671716 0.040047845934704264 0.04000345850066975 0.03999972285095437 
-0.020000000000000018 0.04278428441341886 0.03724024312077073 0.036749556538800895 0.0367058435572005 0.036702176726072004 
-0.015000000000000013 0.03847449428878996 0.03309810490143854 0.03261567311998326 0.03257241837180537 0.03256879412441604 
-0.010000000000000009 0.03363509065581449 0.028315740644026026 0.027882690434479846 0.0278437714193356 0.02784051820020676 
-0.0050000000000000044 0.02953095608740796 0.0247405521956534 0.024334329478436056 0.024297697622420934 0.024294634238682333 
0.0 0.02213160616076142 0.016765723717825157 0.016320133892714108 0.01627998376344736 0.016276629462157858 
0.0050000000000001155 0.0015762360667491192 0 0 0 0 
0.010000000000000009 0 0 0 0 0 
0.015000000000000124 0 0 0 0 0 
0.020000000000000018 0 0 0 0 0 
0.02499999999999991 0 0 0 0 0 
0.030000000000000027 0 2.2747541237360798e-05 2.6224958817567462e-05 2.656483602905417e-05 2.6592275423351957e-05 
0.03499999999999992 0.00011840777665842321 0.0001308200239053233 0.00013124189908338656 0.00013130253130464695 0.00013130665418280835 
0.040000000000000036 9.848279807090431e-05 0.00010516512007540227 0.0001049171463431713 0.00010491554489131162 0.00010491457136809697 
0.04499999999999993 0.0002965211390647945 0.00025151528224886545 0.0002478532620376523 0.00024754911675545324 0.00024752273996499186 
0.050000000000000044 0.0002531090592838729 0.00021742166409247093 0.00021443946652464733 0.00021419378126183824 0.00021417236301635195 
0.05499999999999994 0.00022024514916433222 0.00019361892623534735 0.00019125726052226572 0.00019106644334472382 0.00019104963878173396 
0.06000000000000005 0.00018899581665808284 0.00016920188306099687 0.0001673948501500612 0.00016725128039087056 0.00016723849322752848 
0.06499999999999995 0.00019058827927005977 0.0001695576361892396 0.00016770508607532377 0.000167555285889015 0.0001675420349263783 
0.07000000000000006 0.0002094492012358767 0.00018298867352215466 0.00018074640133332537 0.00018056091462571977 0.00018054470188621827 
0.07499999999999996 0.00021062352575103443 0.0001831207966983982 0.00018082385616460337 0.0001806324448941431 0.00018061576962609725 
0.08000000000000007 0.00022174544603230592 0.00019091750096051637 0.0001883963288885179 0.00018818420405892743 0.00018816581648366026 
0.08499999999999996 0.00020988194002310323 0.00018130091619555935 0.00017895924759356576 0.00017876231784246695 0.00017874523450687912 
0.09000000000000008 0.00020064567007775498 0.0001738005661529824 0.00017159909533969922 0.00017141394028139022 0.00017139787163813173 
0.09499999999999997 0.00019593311645284492 0.00016949491271026459 0.00016732368943468624 0.00016714093880557395 0.00016712508721303224 
